2021-12-24/12:01:19.096679        1.3490671e+004       -3.0959604e+002       -2.7051760e+004
2021-12-24/12:01:19.196680        1.0061806e+004       -5.4103501e+003       -3.5723328e+004
2021-12-24/12:01:19.296679        6.7252490e+003       -1.0056095e+004       -4.1330445e+004
2021-12-24/12:01:19.396682        3.3437473e+003       -1.4613321e+004       -4.4864176e+004
2021-12-24/12:01:19.496683        1.6953479e+002       -1.8892818e+004       -4.6361738e+004
2021-12-24/12:01:19.596683       -2.5994031e+003       -2.2625961e+004       -4.5772805e+004
2021-12-24/12:01:19.696682       -4.8139087e+003       -2.5614254e+004       -4.3050945e+004
2021-12-24/12:01:19.796682       -6.3664360e+003       -2.7724703e+004       -3.8243828e+004
2021-12-24/12:01:19.896682       -7.2036523e+003       -2.8875439e+004       -3.1550754e+004
2021-12-24/12:01:19.996683       -7.2968389e+003       -2.9025672e+004       -2.3310600e+004
2021-12-24/12:01:20.096683       -6.6427729e+003       -2.8166498e+004       -1.3949826e+004
2021-12-24/12:01:20.196682       -5.2698794e+003       -2.6329516e+004       -3.9549321e+003
2021-12-24/12:01:20.296682       -3.2285605e+003       -2.3587396e+004        6.1603481e+003
2021-12-24/12:01:20.396682       -6.0086816e+002       -2.0055619e+004        1.5886925e+004
2021-12-24/12:01:20.496683        2.4877766e+003       -1.5899641e+004        2.4730869e+004
2021-12-24/12:01:20.596683        5.9213296e+003       -1.1315942e+004        3.2248395e+004
2021-12-24/12:01:20.696682        9.5151758e+003       -6.5271455e+003        3.8093500e+004
2021-12-24/12:01:20.796682        1.3084407e+004       -1.7768402e+003        4.2025105e+004
2021-12-24/12:01:20.896682        1.6443527e+004        2.6853501e+003        4.3910754e+004
2021-12-24/12:01:20.996683        1.9407045e+004        6.6215796e+003        4.3703094e+004
2021-12-24/12:01:21.096683        2.1821697e+004        9.8414004e+003        4.1361895e+004
2021-12-24/12:01:21.196682        2.3584334e+004        1.2203482e+004        3.6925223e+004
2021-12-24/12:01:21.296682        2.4634297e+004        1.3610736e+004        3.0561432e+004
2021-12-24/12:01:21.396682        2.4930268e+004        1.4018061e+004        2.2575666e+004
2021-12-24/12:01:21.496683        2.4471953e+004        1.3407647e+004        1.3378607e+004
2021-12-24/12:01:21.596683        2.3279865e+004        1.1801328e+004        3.4456091e+003
2021-12-24/12:01:21.696682        2.1395908e+004        9.2602871e+003       -6.7126885e+003
2021-12-24/12:01:21.796682        1.8906238e+004        5.8931060e+003       -1.6574816e+004
2021-12-24/12:01:21.896697        1.5910341e+004        1.8512388e+003       -2.5653771e+004
2021-12-24/12:01:21.996697        1.2549755e+004       -2.6729980e+003       -3.3496555e+004
2021-12-24/12:01:22.096697        8.9904873e+003       -7.4445601e+003       -3.9733152e+004
2021-12-24/12:01:22.196697        5.4156890e+003       -1.2230197e+004       -4.4111332e+004
2021-12-24/12:01:22.296698        2.0137839e+003       -1.6777988e+004       -4.6460270e+004
2021-12-24/12:01:22.396697       -1.0355934e+003       -2.0848365e+004       -4.6731063e+004
2021-12-24/12:01:22.496697       -3.5586704e+003       -2.4231633e+004       -4.4881316e+004
2021-12-24/12:01:22.596697       -5.4443848e+003       -2.6781293e+004       -4.0919691e+004
2021-12-24/12:01:22.696697       -6.6291465e+003       -2.8392207e+004       -3.4972766e+004
2021-12-24/12:01:22.796698       -7.0769121e+003       -2.9009803e+004       -2.7327117e+004
2021-12-24/12:01:22.896697       -6.7733228e+003       -2.8614828e+004       -1.8369594e+004
2021-12-24/12:01:22.996697       -5.7330293e+003       -2.7221076e+004       -8.5678145e+003
2021-12-24/12:01:23.096697       -4.0002822e+003       -2.4881688e+004        1.5771760e+003
2021-12-24/12:01:23.196697       -1.6389634e+003       -2.1690592e+004        1.1549478e+004
2021-12-24/12:01:23.296698        1.2419158e+003       -1.7797451e+004        2.0848355e+004
2021-12-24/12:01:23.396697        4.5277769e+003       -1.3382944e+004        2.9006189e+004
2021-12-24/12:01:23.496697        8.0556890e+003       -8.6607900e+003        3.5632418e+004
2021-12-24/12:01:23.596697        1.1642209e+004       -3.8682585e+003        4.0435203e+004
2021-12-24/12:01:23.696697        1.5100964e+004        7.4301617e+002        4.3236906e+004
2021-12-24/12:01:23.796698        1.8247338e+004        4.9340396e+003        4.3968512e+004
2021-12-24/12:01:23.896697        2.0905213e+004        8.4896592e+003        4.2588859e+004
2021-12-24/12:01:23.996697        2.2951514e+004        1.1240107e+004        3.9080309e+004
2021-12-24/12:01:24.096697        2.4303309e+004        1.3073645e+004        3.3549012e+004
2021-12-24/12:01:24.196697        2.4923674e+004        1.3920754e+004        2.6246576e+004
2021-12-24/12:01:24.296698        2.4798840e+004        1.3752424e+004        1.7538490e+004
2021-12-24/12:01:24.396682        2.3927291e+004        1.2576903e+004        7.8763154e+003
2021-12-24/12:01:24.496683        2.2343115e+004        1.0436005e+004       -2.2417505e+003
2021-12-24/12:01:24.596683        2.0115131e+004        7.4149639e+003       -1.2288327e+004
2021-12-24/12:01:24.696682        1.7334471e+004        3.6473518e+003       -2.1764846e+004
2021-12-24/12:01:24.796682        1.4123336e+004       -6.9562836e+002       -3.0191305e+004
2021-12-24/12:01:24.896682        1.0637328e+004       -5.3856104e+003       -3.7164766e+004
2021-12-24/12:01:24.996683        7.0543242e+003       -1.0194515e+004       -4.2374207e+004
2021-12-24/12:01:25.096683        3.5589397e+003       -1.4879901e+004       -4.5621555e+004
2021-12-24/12:01:25.196682        3.4399451e+002       -1.9190996e+004       -4.6816758e+004
2021-12-24/12:01:25.296682       -2.4252363e+003       -2.2900008e+004       -4.5912156e+004
2021-12-24/12:01:25.396682       -4.5954927e+003       -2.5830852e+004       -4.2873703e+004
2021-12-24/12:01:25.496683       -6.0914634e+003       -2.7863455e+004       -3.7781867e+004
2021-12-24/12:01:25.596683       -6.8627456e+003       -2.8919686e+004       -3.0855445e+004
2021-12-24/12:01:25.696682       -6.8858960e+003       -2.8969955e+004       -2.2435793e+004
2021-12-24/12:01:25.796682       -6.1629653e+003       -2.8008518e+004       -1.2961750e+004
2021-12-24/12:01:25.896682       -4.7285332e+003       -2.6074730e+004       -2.9151741e+003
2021-12-24/12:01:25.996683       -2.6373975e+003       -2.3242988e+004        7.1911313e+003
2021-12-24/12:01:26.096683        3.1320511e+001       -1.9638824e+004        1.6836934e+004
2021-12-24/12:01:26.196682        3.1510276e+003       -1.5429416e+004        2.5545639e+004
2021-12-24/12:01:26.296682        6.5828228e+003       -1.0812109e+004        3.2884594e+004
2021-12-24/12:01:26.396682        1.0155570e+004       -6.0195781e+003        3.8516777e+004
2021-12-24/12:01:26.496683        1.3683189e+004       -1.2974237e+003        4.2214418e+004
2021-12-24/12:01:26.596683        1.6978428e+004        3.1058796e+003        4.3861770e+004
2021-12-24/12:01:26.696682        1.9859893e+004        6.9665620e+003        4.3419527e+004
2021-12-24/12:01:26.796682        2.2181650e+004        1.0089291e+004        4.0845289e+004
2021-12-24/12:01:26.896682        2.3840652e+004        1.2335835e+004        3.6191441e+004
2021-12-24/12:01:26.996683        2.4786293e+004        1.3620718e+004        2.9637939e+004
2021-12-24/12:01:27.096683        2.4987906e+004        1.3903088e+004        2.1505482e+004
2021-12-24/12:01:27.196682        2.4436111e+004        1.3166570e+004        1.2215580e+004
2021-12-24/12:01:27.296682        2.3156990e+004        1.1441903e+004        2.2485396e+003
2021-12-24/12:01:27.396682        2.1206514e+004        8.7919932e+003       -7.8815957e+003
2021-12-24/12:01:27.496683        1.8662924e+004        5.3308799e+003       -1.7662021e+004
2021-12-24/12:01:27.596683        1.5632594e+004        1.2179893e+003       -2.6598191e+004
2021-12-24/12:01:27.696682        1.2251202e+004       -3.3519209e+003       -3.4253434e+004
2021-12-24/12:01:27.796682        8.6975020e+003       -8.1361221e+003       -4.0272156e+004
2021-12-24/12:01:27.896682        5.1520073e+003       -1.2903949e+004       -4.4411422e+004
2021-12-24/12:01:27.996683        1.7984542e+003       -1.7406068e+004       -4.6514012e+004
2021-12-24/12:01:28.096683       -1.1817656e+003       -2.1404918e+004       -4.6538461e+004
2021-12-24/12:01:28.196682       -3.6172236e+003       -2.4696553e+004       -4.4443605e+004
2021-12-24/12:01:28.296682       -5.4115093e+003       -2.7135332e+004       -4.0238734e+004
2021-12-24/12:01:28.396682       -6.5027915e+003       -2.8627611e+004       -3.4092813e+004
2021-12-24/12:01:28.496683       -6.8547329e+003       -2.9121975e+004       -2.6288404e+004
2021-12-24/12:01:28.596683       -6.4579561e+003       -2.8604631e+004       -1.7228752e+004
2021-12-24/12:01:28.696682       -5.3332676e+003       -2.7093105e+004       -7.3780752e+003
2021-12-24/12:01:28.796682       -3.5272603e+003       -2.4647145e+004        2.7619631e+003
2021-12-24/12:01:28.896682       -1.1046960e+003       -2.1365277e+004        1.2663704e+004
2021-12-24/12:01:28.996683        1.8268792e+003       -1.7396588e+004        2.1831363e+004
2021-12-24/12:01:29.096683        5.1335459e+003       -1.2931238e+004        2.9812176e+004
2021-12-24/12:01:29.196682        8.6567695e+003       -8.1878271e+003        3.6223938e+004
2021-12-24/12:01:29.296682        1.2218088e+004       -3.4019031e+003        4.0796160e+004
2021-12-24/12:01:29.396682        1.5632228e+004        1.1728456e+003        4.3363586e+004
2021-12-24/12:01:29.496683        1.8708564e+004        5.3006733e+003        4.3843586e+004
2021-12-24/12:01:29.596683        2.1282045e+004        8.7655205e+003        4.2210781e+004
2021-12-24/12:01:29.696682        2.3237209e+004        1.1409973e+004        3.8458676e+004
2021-12-24/12:01:29.796682        2.4499627e+004        1.3127747e+004        3.2716934e+004
2021-12-24/12:01:29.896682        2.5027979e+004        1.3854497e+004        2.5244283e+004
2021-12-24/12:01:29.996683        2.4807613e+004        1.3565233e+004        1.6418598e+004
2021-12-24/12:01:30.096683        2.3851129e+004        1.2268572e+004        6.6991392e+003
2021-12-24/12:01:30.196682        2.2188711e+004        1.0013349e+004       -3.4108801e+003
2021-12-24/12:01:30.296682        1.9897137e+004        6.8897573e+003       -1.3393395e+004
2021-12-24/12:01:30.396682        1.7072229e+004        3.0422891e+003       -2.2748598e+004
2021-12-24/12:01:30.496683        1.3837941e+004       -1.3498115e+003       -3.1013510e+004
2021-12-24/12:01:30.596683        1.0349883e+004       -6.0690933e+003       -3.7789527e+004
2021-12-24/12:01:30.696682        6.7862197e+003       -1.0880870e+004       -4.2770262e+004
2021-12-24/12:01:30.796682        3.3312749e+003       -1.5536095e+004       -4.5778695e+004
2021-12-24/12:01:30.896682        1.6936996e+002       -1.9785143e+004       -4.6730648e+004
2021-12-24/12:01:30.996683       -2.5151721e+003       -2.3410564e+004       -4.5580008e+004
2021-12-24/12:01:31.096683       -4.5937070e+003       -2.6239146e+004       -4.2308211e+004
2021-12-24/12:01:31.196682       -5.9932676e+003       -2.8153402e+004       -3.7004070e+004
2021-12-24/12:01:31.296682       -6.6704839e+003       -2.9086975e+004       -2.9901865e+004
2021-12-24/12:01:31.396682       -6.6027915e+003       -2.9011428e+004       -2.1353162e+004
2021-12-24/12:01:31.496683       -5.7942930e+003       -2.7933939e+004       -1.1800513e+004
2021-12-24/12:01:31.596683       -4.2842563e+003       -2.5889561e+004       -1.7366053e+003
2021-12-24/12:01:31.696682       -2.1266008e+003       -2.2960727e+004        8.3208027e+003
2021-12-24/12:01:31.796682        5.9281323e+002       -1.9273545e+004        1.7865096e+004
2021-12-24/12:01:31.896682        3.7418335e+003       -1.5002208e+004        2.6415348e+004
2021-12-24/12:01:31.996683        7.1847642e+003       -1.0353304e+004        3.3557164e+004
2021-12-24/12:01:32.096683        1.0744324e+004       -5.5553140e+003        3.8966219e+004
2021-12-24/12:01:32.196682        1.4234435e+004       -8.5556549e+002        4.2427418e+004
2021-12-24/12:01:32.296682        1.7472236e+004        3.5023518e+003        4.3833375e+004
2021-12-24/12:01:32.396682        2.0277512e+004        7.2762837e+003        4.3148191e+004
2021-12-24/12:01:32.496683        2.2509014e+004        1.0296176e+004        4.0337516e+004
2021-12-24/12:01:32.596683        2.4077658e+004        1.2432190e+004        3.5458598e+004
2021-12-24/12:01:32.696682        2.4928939e+004        1.3600736e+004        2.8717244e+004
2021-12-24/12:01:32.796682        2.5032969e+004        1.3761023e+004        2.0441809e+004
2021-12-24/12:01:32.896682        2.4392969e+004        1.2905296e+004        1.1064941e+004
2021-12-24/12:01:32.996683        2.3039123e+004        1.1065727e+004        1.0675725e+003
2021-12-24/12:01:33.096683        2.1023592e+004        8.3124053e+003       -9.0313057e+003
2021-12-24/12:01:33.196682        1.8425203e+004        4.7633931e+003       -1.8712389e+004
2021-12-24/12:01:33.296682        1.5363226e+004        5.9362659e+002       -2.7505889e+004
2021-12-24/12:01:33.396682        1.1977438e+004       -4.0058706e+003       -3.4974824e+004
2021-12-24/12:01:33.496683        8.4345811e+003       -8.8142012e+003       -4.0776605e+004
2021-12-24/12:01:33.596683        4.9183901e+003       -1.3571975e+004       -4.4670762e+004
2021-12-24/12:01:33.696682        1.6187565e+003       -1.8031867e+004       -4.6535059e+004
2021-12-24/12:01:33.796682       -1.2817565e+003       -2.1955457e+004       -4.6320281e+004
2021-12-24/12:01:33.896682       -3.6339910e+003       -2.5153734e+004       -4.3984652e+004
2021-12-24/12:01:33.996683       -5.3383135e+003       -2.7482207e+004       -3.9556023e+004
2021-12-24/12:01:34.096683       -6.3361157e+003       -2.8856428e+004       -3.3220086e+004
2021-12-24/12:01:34.196682       -6.5960425e+003       -2.9230717e+004       -2.5267746e+004
2021-12-24/12:01:34.296682       -6.1125259e+003       -2.8591293e+004       -1.6110919e+004
2021-12-24/12:01:39.396697        1.4316411e+003       -1.8650941e+004       -4.6523250e+004
2021-12-24/12:01:39.496697       -1.3994213e+003       -2.2494676e+004       -4.6066461e+004
2021-12-24/12:01:39.596697       -3.6611064e+003       -2.5592127e+004       -4.3490676e+004
2021-12-24/12:01:39.696697       -5.2687256e+003       -2.7811445e+004       -3.8845414e+004
2021-12-24/12:01:39.796698       -6.1701172e+003       -2.9065305e+004       -3.2311721e+004
2021-12-24/12:01:39.896697       -6.3342197e+003       -2.9315789e+004       -2.4212688e+004
2021-12-24/12:01:39.996697       -5.7607402e+003       -2.8555717e+004       -1.4961160e+004
2021-12-24/12:01:40.096697       -4.4769307e+003       -2.6808932e+004       -5.0374468e+003
2021-12-24/12:01:40.196697       -2.5323152e+003       -2.4148393e+004        5.0496709e+003
2021-12-24/12:01:40.296698       -7.7728882e+000       -2.0685270e+004        1.4785841e+004
2021-12-24/12:01:40.396697        2.9994067e+003       -1.6580422e+004        2.3682088e+004
2021-12-24/12:01:40.496697        6.3415313e+003       -1.2026023e+004        3.1299574e+004
2021-12-24/12:01:40.596697        9.8542051e+003       -7.2495781e+003        3.7286730e+004
2021-12-24/12:01:40.696697        1.3359554e+004       -2.4938149e+003        4.1388547e+004
2021-12-24/12:01:40.796698        1.6673254e+004        1.9925045e+003        4.3464527e+004
2021-12-24/12:01:40.896697        1.9610689e+004        5.9761309e+003        4.3465453e+004
2021-12-24/12:01:40.996697        2.2016551e+004        9.2571367e+003        4.1354195e+004
2021-12-24/12:01:41.096697        2.3787979e+004        1.1688447e+004        3.7147773e+004
2021-12-24/12:01:41.196697        2.4861092e+004        1.3172684e+004        3.1005879e+004
2021-12-24/12:01:41.296698        2.5197795e+004        1.3655844e+004        2.3214467e+004
2021-12-24/12:01:41.396697        2.4794572e+004        1.3123276e+004        1.4176479e+004
2021-12-24/12:01:41.496697        2.3666367e+004        1.1591068e+004        4.3592261e+003
2021-12-24/12:01:41.596697        2.1861238e+004        9.1175313e+003       -5.7303672e+003
2021-12-24/12:01:41.696697        1.9453912e+004        5.8057900e+003       -1.5572998e+004
2021-12-24/12:01:41.796698        1.6542559e+004        1.8080879e+003       -2.4679381e+004
2021-12-24/12:01:41.896697        1.3262905e+004       -2.6834470e+003       -3.2598133e+004
2021-12-24/12:01:41.996697        9.7763115e+003       -7.4492637e+003       -3.8957902e+004
2021-12-24/12:01:42.096697        6.2574839e+003       -1.2246104e+004       -4.3479063e+004
2021-12-24/12:01:42.196697        2.8968975e+003       -1.6826643e+004       -4.6004398e+004
2021-12-24/12:01:42.296698       -1.3108792e+002       -2.0945277e+004       -4.6471094e+004
2021-12-24/12:01:42.396697       -2.6483042e+003       -2.4392891e+004       -4.4835504e+004
2021-12-24/12:01:42.496697       -4.5413442e+003       -2.7008904e+004       -4.1099488e+004
2021-12-24/12:01:42.596697       -5.7507217e+003       -2.8693070e+004       -3.5374148e+004
2021-12-24/12:01:42.696697       -6.2368755e+003       -2.9384775e+004       -2.7929971e+004
2021-12-24/12:01:42.796698       -5.9836890e+003       -2.9069371e+004       -1.9141730e+004
2021-12-24/12:01:42.896697       -5.0058135e+003       -2.7749443e+004       -9.4693135e+003
2021-12-24/12:01:42.996697       -3.3445679e+003       -2.5478420e+004        5.9026111e+002
2021-12-24/12:01:43.096697       -1.0614908e+003       -2.2348797e+004        1.0528521e+004
2021-12-24/12:01:43.196697        1.7390953e+003       -1.8501328e+004        1.9842871e+004
2021-12-24/12:01:43.296698        4.9417329e+003       -1.4118420e+004        2.8072504e+004
2021-12-24/12:01:43.396697        8.3931621e+003       -9.4100537e+003        3.4813547e+004
2021-12-24/12:01:43.496697        1.1916092e+004       -4.6114902e+003        3.9767977e+004
2021-12-24/12:01:43.596697        1.5325323e+004        3.2531418e+001        4.2750105e+004
2021-12-24/12:01:43.696697        1.8442686e+004        4.2669297e+003        4.3667090e+004
2021-12-24/12:01:43.796698        2.1091477e+004        7.8725313e+003        4.2492930e+004
2021-12-24/12:01:43.896697        2.3145104e+004        1.0688474e+004        3.9209371e+004
2021-12-24/12:01:43.996697        2.4520342e+004        1.2593537e+004        3.3901520e+004
2021-12-24/12:01:44.096697        2.5179975e+004        1.3520503e+004        2.6803336e+004
2021-12-24/12:01:44.196697        2.5101439e+004        1.3431454e+004        1.8271963e+004
2021-12-24/12:01:44.296698        2.4289719e+004        1.2330126e+004        8.7465469e+003
2021-12-24/12:01:44.396697        2.2780268e+004        1.0261463e+004       -1.2814894e+003
2021-12-24/12:01:44.496697        2.0632869e+004        7.3030430e+003       -1.1285667e+004
2021-12-24/12:01:44.596697        1.7934846e+004        3.5862747e+003       -2.0763424e+004
2021-12-24/12:01:44.696697        1.4807228e+004       -7.1591559e+002       -2.9247137e+004
2021-12-24/12:01:44.796698        1.1397997e+004       -5.3886626e+003       -3.6326441e+004
2021-12-24/12:01:44.896697        7.8800479e+003       -1.0202737e+004       -4.1677313e+004
2021-12-24/12:01:44.996697        4.4356523e+003       -1.4908231e+004       -4.5093637e+004
2021-12-24/12:01:45.096697        1.2505972e+003       -1.9258105e+004       -4.6473289e+004
2021-12-24/12:01:45.196697       -1.4905018e+003       -2.3021695e+004       -4.5775414e+004
2021-12-24/12:01:45.296698       -3.6657400e+003       -2.6016885e+004       -4.2963500e+004
2021-12-24/12:01:45.396697       -5.1813442e+003       -2.8123887e+004       -3.8099129e+004
2021-12-24/12:01:45.496697       -5.9869121e+003       -2.9259686e+004       -3.1383152e+004
2021-12-24/12:01:45.596697       -6.0581211e+003       -2.9389811e+004       -2.3143307e+004
2021-12-24/12:01:45.696697       -5.3967290e+003       -2.8506795e+004       -1.3807292e+004
2021-12-24/12:01:45.796698       -4.0337988e+003       -2.6643096e+004       -3.8582012e+003
2021-12-24/12:01:45.896697       -2.0214910e+003       -2.3876850e+004        6.1945649e+003
2021-12-24/12:01:45.996697        5.7074359e+002       -2.0324676e+004        1.5835416e+004
2021-12-24/12:01:46.096697        3.6075203e+003       -1.6150602e+004        2.4584971e+004
2021-12-24/12:01:46.196697        6.9552124e+003       -1.1555700e+004        3.2014293e+004
2021-12-24/12:01:46.296698        1.0457630e+004       -6.7663286e+003        3.7778008e+004
2021-12-24/12:01:46.396697        1.3927813e+004       -2.0280879e+003        4.1644004e+004
2021-12-24/12:01:46.496697        1.7186129e+004        2.4019299e+003        4.3478277e+004
2021-12-24/12:01:46.596697        2.0048254e+004        6.3166157e+003        4.3233480e+004
2021-12-24/12:01:46.696697        2.2365908e+004        9.5045508e+003        4.0878973e+004
2021-12-24/12:01:46.796698        2.4040928e+004        1.1824120e+004        3.6447563e+004
2021-12-24/12:01:49.396682        1.8913354e+004        4.6291021e+003        4.3539844e+004
2021-12-24/12:01:49.496683        2.1478043e+004        8.1511128e+003        4.2127387e+004
2021-12-24/12:01:49.596683        2.3439068e+004        1.0861060e+004        3.8613270e+004
2021-12-24/12:01:49.696682        2.4719361e+004        1.2651221e+004        3.3095590e+004
2021-12-24/12:01:49.796682        2.5283758e+004        1.3454955e+004        2.5826576e+004
2021-12-24/12:01:49.896682        2.5114674e+004        1.3243537e+004        1.7171102e+004
2021-12-24/12:01:49.996683        2.4221486e+004        1.2022711e+004        7.5813149e+003
2021-12-24/12:01:50.096683        2.2636432e+004        9.8404482e+003       -2.4454546e+003
2021-12-24/12:01:50.196682        2.0427201e+004        6.7823516e+003       -1.2393617e+004
2021-12-24/12:01:50.296682        1.7682877e+004        2.9837163e+003       -2.1761818e+004
2021-12-24/12:01:50.396682        1.4527713e+004       -1.3808079e+003       -3.0088316e+004
2021-12-24/12:01:50.496683        1.1115552e+004       -6.0825674e+003       -3.6965223e+004
2021-12-24/12:01:50.596683        7.6160645e+003       -1.0894345e+004       -4.2094195e+004
2021-12-24/12:01:50.696682        4.2121084e+003       -1.5568240e+004       -4.5270676e+004
2021-12-24/12:01:50.796682        1.0935732e+003       -1.9858365e+004       -4.6408316e+004
2021-12-24/12:01:50.896682       -1.5780752e+003       -2.3536930e+004       -4.5467195e+004
2021-12-24/12:01:50.996683       -3.6656943e+003       -2.6431867e+004       -4.2412340e+004
2021-12-24/12:01:51.096683       -5.0886978e+003       -2.8423680e+004       -3.7324215e+004
2021-12-24/12:01:51.196682       -5.8004927e+003       -2.9441418e+004       -3.0426266e+004
2021-12-24/12:01:51.296682       -5.7805659e+003       -2.9446588e+004       -2.2054584e+004
2021-12-24/12:01:51.396682       -5.0333135e+003       -2.8441203e+004       -1.2645223e+004
2021-12-24/12:01:51.496683       -3.5921411e+003       -2.6467486e+004       -2.6818955e+003
2021-12-24/12:01:51.596683       -1.5127272e+003       -2.3602998e+004        7.3294004e+003
2021-12-24/12:01:51.696682        1.1199469e+003       -1.9969246e+004        1.6871527e+004
2021-12-24/12:01:51.796682        4.1889580e+003       -1.5735996e+004        2.5472225e+004
2021-12-24/12:01:51.896682        7.5518608e+003       -1.1107424e+004        3.2707660e+004
2021-12-24/12:01:51.996683        1.1040799e+004       -6.3123071e+003        3.8247313e+004
2021-12-24/12:01:52.096683        1.4480506e+004       -1.5970466e+003        4.1862320e+004
2021-12-24/12:01:52.196682        1.7682850e+004        2.7936177e+003        4.3454273e+004
2021-12-24/12:01:52.296682        2.0468785e+004        6.6261489e+003        4.2969941e+004
2021-12-24/12:01:52.396682        2.2702631e+004        9.7155566e+003        4.0377445e+004
2021-12-24/12:01:52.496683        2.4285049e+004        1.1925682e+004        3.5725066e+004
2021-12-24/12:01:52.596683        2.5165342e+004        1.3170063e+004        2.9193230e+004
2021-12-24/12:01:52.696682        2.5319773e+004        1.3407621e+004        2.1107504e+004
2021-12-24/12:01:52.796682        2.4743070e+004        1.2629165e+004        1.1884448e+004
2021-12-24/12:01:52.896682        2.3461020e+004        1.0861696e+004        2.0049902e+003
2021-12-24/12:01:52.996683        2.1515818e+004        8.1715708e+003       -8.0251836e+003
2021-12-24/12:01:53.096683        1.8998016e+004        4.6768491e+003       -1.7705338e+004
2021-12-24/12:01:53.196682        1.6016037e+004        5.3982947e+002       -2.6537215e+004
2021-12-24/12:01:53.296682        1.2704975e+004       -4.0409963e+003       -3.4088781e+004
2021-12-24/12:01:53.396682        9.2321543e+003       -8.8378369e+003       -4.0012496e+004
2021-12-24/12:01:53.496683        5.7722271e+003       -1.3605664e+004       -4.4059844e+004
2021-12-24/12:01:53.596683        2.5130330e+003       -1.8096580e+004       -4.6105184e+004
2021-12-24/12:01:53.696682       -3.6169232e+002       -2.2066992e+004       -4.6090328e+004
2021-12-24/12:01:53.796682       -2.7174434e+003       -2.5323295e+004       -4.3971645e+004
2021-12-24/12:01:53.896682       -4.4329014e+003       -2.7724156e+004       -3.9767078e+004
2021-12-24/12:01:53.996683       -5.4567842e+003       -2.9174209e+004       -3.3638492e+004
2021-12-24/12:01:54.096683       -5.7583228e+003       -2.9627783e+004       -2.5876789e+004
2021-12-24/12:01:54.196682       -5.3284326e+003       -2.9063043e+004       -1.6879961e+004
2021-12-24/12:01:54.296682       -4.1885059e+003       -2.7505270e+004       -7.1119150e+003
2021-12-24/12:01:54.396682       -2.3873792e+003       -2.5017711e+004        2.9236169e+003
2021-12-24/12:01:54.496683        1.1155670e+001       -2.1701660e+004        1.2725087e+004
2021-12-24/12:01:54.596683        2.9011191e+003       -1.7705395e+004        2.1790309e+004
2021-12-24/12:01:54.696682        6.1439033e+003       -1.3221947e+004        2.9667447e+004
2021-12-24/12:01:54.796682        9.5909365e+003       -8.4684824e+003        3.5984195e+004
2021-12-24/12:01:54.896682        1.3065808e+004       -3.6862925e+003        4.0470078e+004
2021-12-24/12:01:54.996683        1.6387127e+004        8.7356372e+002        4.2961684e+004
2021-12-24/12:01:55.096683        1.9368227e+004        4.9804219e+003        4.3394023e+004
2021-12-24/12:01:55.196682        2.1849398e+004        8.4151074e+003        4.1732438e+004
2021-12-24/12:01:55.296682        2.3717822e+004        1.1022504e+004        3.7979711e+004
2021-12-24/12:01:55.396682        2.4907273e+004        1.2698626e+004        3.2249109e+004
2021-12-24/12:01:55.496683        2.5377896e+004        1.3383150e+004        2.4810813e+004
2021-12-24/12:01:55.596683        2.5117969e+004        1.3047352e+004        1.6041141e+004
2021-12-24/12:01:55.696682        2.4138336e+004        1.1707028e+004        6.3959575e+003
2021-12-24/12:01:55.796682        2.2480314e+004        9.4115889e+003       -3.6221470e+003
2021-12-24/12:01:55.896682        2.0207787e+004        6.2518042e+003       -1.3508104e+004
2021-12-24/12:01:55.996683        1.7419801e+004        2.3721633e+003       -2.2759941e+004
2021-12-24/12:01:56.096683        1.4243537e+004       -2.0463645e+003       -3.0916229e+004
2021-12-24/12:01:56.196682        1.0830497e+004       -6.7734019e+003       -3.7586094e+004
2021-12-24/12:01:56.296682        7.3515220e+003       -1.1581732e+004       -4.2483887e+004
2021-12-24/12:01:56.396682        3.9935735e+003       -1.6219147e+004       -4.5420832e+004
2021-12-24/12:01:56.496683        9.3071613e+002       -2.0445215e+004       -4.6314293e+004
2021-12-24/12:01:56.596683       -1.6565367e+003       -2.4039900e+004       -4.5127137e+004
2021-12-24/12:01:56.696682       -3.6506760e+003       -2.6829703e+004       -4.1840484e+004
2021-12-24/12:01:56.796682       -4.9784414e+003       -2.8704893e+004       -3.6538199e+004
2021-12-24/12:01:56.896682       -5.5970313e+003       -2.9597576e+004       -2.9459467e+004
2021-12-24/12:01:56.996683       -5.4862622e+003       -2.9481813e+004       -2.0960279e+004
2021-12-24/12:01:57.096683       -4.6554927e+003       -2.8358365e+004       -1.1475716e+004
2021-12-24/12:01:57.196682       -3.1419397e+003       -2.6266875e+004       -1.5009381e+003
2021-12-24/12:01:57.296682       -9.9717773e+002       -2.3298402e+004        8.4549609e+003
2021-12-24/12:01:57.396682        1.6768151e+003       -1.9580771e+004        1.7892484e+004
2021-12-24/12:01:57.496683        4.7716138e+003       -1.5288636e+004        2.6336895e+004
2021-12-24/12:01:57.596683        8.1430425e+003       -1.0625368e+004        3.3376895e+004
2021-12-24/12:01:57.696682        1.1622603e+004       -5.8247935e+003        3.8688770e+004
2021-12-24/12:01:57.796682        1.5025973e+004       -1.1330880e+003        4.2059914e+004
2021-12-24/12:01:57.896682        1.8173227e+004        3.2064453e+003        4.3402734e+004
2021-12-24/12:01:57.996683        2.0885021e+004        6.9533750e+003        4.2669895e+004
2021-12-24/12:01:58.096683        2.3029490e+004        9.9382227e+003        3.9830742e+004
2021-12-24/12:01:58.196682        2.4518135e+004        1.2033159e+004        3.4955543e+004
2021-12-24/12:01:58.296682        2.5303189e+004        1.3156606e+004        2.8240803e+004
2021-12-24/12:01:58.396682        2.5361211e+004        1.3267199e+004        2.0017668e+004
2021-12-24/12:01:58.496683        2.4692787e+004        1.2362926e+004        1.0713530e+004
2021-12-24/12:01:58.596683        2.3324289e+004        1.0480557e+004        8.1178918e+002
2021-12-24/12:01:58.696682        2.1316963e+004        7.6870195e+003       -9.1837236e+003
2021-12-24/12:01:58.796682        1.8749051e+004        4.1035371e+003       -1.8761750e+004
2021-12-24/12:01:58.896682        1.5735424e+004       -1.0328546e+002       -2.7450029e+004
2021-12-24/12:01:58.996683        1.2412054e+004       -4.7240396e+003       -3.4813125e+004
2021-12-24/12:01:59.096683        8.9474375e+003       -9.5274863e+003       -4.0514941e+004
2021-12-24/12:01:59.196682        5.5226758e+003       -1.4273770e+004       -4.4326777e+004
2021-12-24/12:01:59.296682        2.3197454e+003       -1.8710682e+004       -4.6123918e+004
2021-12-24/12:01:59.396682       -4.8076740e+002       -2.2605896e+004       -4.5862648e+004
2021-12-24/12:01:59.496683       -2.7445037e+003       -2.5766543e+004       -4.3501023e+004
2021-12-24/12:01:59.596683       -4.3679468e+003       -2.8053078e+004       -3.9068992e+004
2021-12-24/12:01:59.696682       -5.2980571e+003       -2.9381051e+004       -3.2743268e+004
2021-12-24/12:01:59.796682       -5.5069946e+003       -2.9708807e+004       -2.4830232e+004
2021-12-24/12:01:59.896682       -4.9886064e+003       -2.9022271e+004       -1.5734990e+004
2021-12-24/12:01:59.996683       -3.7698518e+003       -2.7348447e+004       -5.9245454e+003
2021-12-24/12:02:00.096683       -1.9002546e+003       -2.4753402e+004        4.1012959e+003
2021-12-24/12:02:00.196682        5.4751099e+002       -2.1343994e+004        1.3816422e+004
2021-12-24/12:02:00.296682        3.4597456e+003       -1.7279938e+004        2.2743926e+004
2021-12-24/12:02:00.396682        6.7256797e+003       -1.2753689e+004        3.0437543e+004
2021-12-24/12:02:00.496683        1.0170368e+004       -7.9841382e+003        3.6536422e+004
2021-12-24/12:02:00.596683        1.3619160e+004       -3.2177468e+003        4.0779980e+004
2021-12-24/12:02:00.696682        1.6891541e+004        1.2918402e+003        4.3016574e+004
2021-12-24/12:02:00.796682        1.9806705e+004        5.3280342e+003        4.3207215e+004
2021-12-24/12:02:00.896682        2.2206705e+004        8.6710859e+003        4.1307020e+004
2021-12-24/12:02:00.996683        2.3987512e+004        1.1171337e+004        3.7319711e+004
2021-12-24/12:02:01.096683        2.5085240e+004        1.2727675e+004        3.1384545e+004
2021-12-24/12:02:01.196682        2.5460625e+004        1.3286670e+004        2.3781605e+004
2021-12-24/12:02:01.296682        2.5109270e+004        1.2826490e+004        1.4903617e+004
2021-12-24/12:02:01.396682        2.4054324e+004        1.1369255e+004        5.2110830e+003
2021-12-24/12:02:01.496683        2.2321871e+004        8.9643711e+003       -4.7989746e+003
2021-12-24/12:02:01.596683        1.9988684e+004        5.7106553e+003       -1.4614990e+004
2021-12-24/12:02:01.696682        1.7161432e+004        1.7563285e+003       -2.3741488e+004
2021-12-24/12:02:01.796682        1.3962603e+004       -2.7130430e+003       -3.1722611e+004
2021-12-24/12:02:01.896697        1.0548262e+004       -7.4610503e+003       -3.8180164e+004
2021-12-24/12:02:01.996697        7.0886284e+003       -1.2261912e+004       -4.2841207e+004
2021-12-24/12:02:02.096697        3.7717053e+003       -1.6868303e+004       -4.5532734e+004
2021-12-24/12:02:02.196697        7.7273077e+002       -2.1029164e+004       -4.6180781e+004
2021-12-24/12:02:02.296698       -1.7257308e+003       -2.4533939e+004       -4.4748520e+004
2021-12-24/12:02:02.396697       -3.6313718e+003       -2.7216311e+004       -4.1214902e+004
2021-12-24/12:02:02.496697       -4.8662437e+003       -2.8973150e+004       -3.5704961e+004
2021-12-24/12:02:02.596697       -5.3899067e+003       -2.9742414e+004       -2.8459467e+004
2021-12-24/12:02:02.696697       -5.1874160e+003       -2.9498250e+004       -1.9845773e+004
2021-12-24/12:02:02.796698       -4.2707856e+003       -2.8248697e+004       -1.0303955e+004
2021-12-24/12:02:02.896697       -2.6822144e+003       -2.6046328e+004       -3.2144101e+002
2021-12-24/12:02:02.996697       -4.7943042e+002       -2.2975879e+004        9.5809189e+003
2021-12-24/12:02:03.096697        2.2382253e+003       -1.9178393e+004        1.8900531e+004
2021-12-24/12:02:03.196697        5.3620352e+003       -1.4829955e+004        2.7179371e+004
2021-12-24/12:02:03.296698        8.7384453e+003       -1.0137675e+004        3.4014188e+004
2021-12-24/12:02:03.396697        1.2196614e+004       -5.3382495e+003        3.9097977e+004
2021-12-24/12:02:03.496697        1.5558958e+004       -6.8446136e+002        4.2233605e+004
2021-12-24/12:02:03.596697        1.8643500e+004        3.5852693e+003        4.3331324e+004
2021-12-24/12:02:03.696697        2.1277348e+004        7.2520557e+003        4.2356777e+004
2021-12-24/12:02:03.796698        2.3333025e+004        1.0135790e+004        3.9282117e+004
2021-12-24/12:02:03.896697        2.4731412e+004        1.2114103e+004        3.4187805e+004
2021-12-24/12:02:03.996697        2.5423574e+004        1.3116328e+004        2.7289545e+004
2021-12-24/12:02:04.096697        2.5391047e+004        1.3103402e+004        1.8930551e+004
2021-12-24/12:02:04.196697        2.4635881e+004        1.2077621e+004        9.5487334e+003
2021-12-24/12:02:04.296698        2.3190314e+004        1.0077478e+004       -3.7683752e+002
2021-12-24/12:02:06.896682        2.5534352e+004        1.3191302e+004        2.2736818e+004
2021-12-24/12:02:06.996683        2.5095379e+004        1.2607604e+004        1.3764129e+004
2021-12-24/12:02:07.096683        2.3948418e+004        1.1027424e+004        4.0344585e+003
2021-12-24/12:02:07.196682        2.2142996e+004        8.5096494e+003       -5.9415571e+003
2021-12-24/12:02:07.296682        1.9756770e+004        5.1597036e+003       -1.5677727e+004
2021-12-24/12:02:07.396682        1.6891422e+004        1.1332765e+003       -2.4672078e+004
2021-12-24/12:02:07.496683        1.3673253e+004       -3.3806194e+003       -3.2482369e+004
2021-12-24/12:02:07.596683        1.0261971e+004       -8.1493086e+003       -3.8731035e+004
2021-12-24/12:02:07.696682        6.8319341e+003       -1.2938968e+004       -4.3161828e+004
2021-12-24/12:02:07.796682        3.5651211e+003       -1.7500547e+004       -4.5610727e+004
2021-12-24/12:02:07.896682        6.4350916e+002       -2.1591895e+004       -4.6019543e+004
2021-12-24/12:02:07.996683       -1.7670404e+003       -2.5001588e+004       -4.4347438e+004
2021-12-24/12:02:08.096683       -3.5879927e+003       -2.7576525e+004       -4.0582332e+004
2021-12-24/12:02:08.196682       -4.7323149e+003       -2.9216453e+004       -3.4864730e+004
2021-12-24/12:02:08.296682       -5.1642563e+003       -2.9865359e+004       -2.7451498e+004
2021-12-24/12:02:08.396682       -4.8726816e+003       -2.9502846e+004       -1.8718656e+004
2021-12-24/12:02:08.496683       -3.8757583e+003       -2.8136957e+004       -9.1205127e+003
2021-12-24/12:02:08.596683       -2.2165642e+003       -2.5823707e+004        8.6169238e+002
2021-12-24/12:02:08.696682        2.9589737e+001       -2.2655879e+004        1.0699681e+004
2021-12-24/12:02:08.796682        2.7982346e+003       -1.8781697e+004        1.9901072e+004
2021-12-24/12:02:08.896682        5.9472456e+003       -1.4378681e+004        2.8011248e+004
2021-12-24/12:02:08.996683        9.3268789e+003       -9.6596855e+003        3.4637164e+004
2021-12-24/12:02:09.096683        1.2764828e+004       -4.8634199e+003        3.9483898e+004
2021-12-24/12:02:09.196682        1.6083510e+004       -2.3318671e+002        4.2369469e+004
2021-12-24/12:02:09.296682        1.9102410e+004        3.9796677e+003        4.3225172e+004
2021-12-24/12:02:09.396682        2.1654170e+004        7.5537520e+003        4.2014109e+004
2021-12-24/12:02:09.496683        2.3620176e+004        1.0330628e+004        3.8707031e+004
2021-12-24/12:02:09.596683        2.4923912e+004        1.2193752e+004        3.3393605e+004
2021-12-24/12:02:09.696682        2.5521715e+004        1.3070736e+004        2.6318018e+004
2021-12-24/12:02:09.796682        2.5400104e+004        1.2934578e+004        1.7836160e+004
2021-12-24/12:02:09.896682        2.4562594e+004        1.1788726e+004        8.3856377e+003
2021-12-24/12:02:09.996683        2.3043473e+004        9.6748291e+003       -1.5458124e+003
2021-12-24/12:02:10.096683        2.0912191e+004        6.6753320e+003       -1.1446315e+004
2021-12-24/12:02:10.196682        1.8253143e+004        2.9249551e+003       -2.0817301e+004
2021-12-24/12:02:10.296682        1.5182960e+004       -1.4062477e+003       -2.9186818e+004
2021-12-24/12:02:10.396682        1.1845231e+004       -6.0878994e+003       -3.6152234e+004
2021-12-24/12:02:10.496683        8.4093340e+003       -1.0897666e+004       -4.1400977e+004
2021-12-24/12:02:10.596683        5.0557803e+003       -1.5590233e+004       -4.4726625e+004
2021-12-24/12:02:10.696682        1.9656704e+003       -1.9917701e+004       -4.6039738e+004
2021-12-24/12:02:10.796682       -6.8575824e+002       -2.3651705e+004       -4.5289875e+004
2021-12-24/12:02:10.896682       -2.7681025e+003       -2.6607539e+004       -4.2452273e+004
2021-12-24/12:02:10.996683       -4.2054653e+003       -2.8666283e+004       -3.7582332e+004
2021-12-24/12:02:11.096683       -4.9465645e+003       -2.9753250e+004       -3.0886779e+004
2021-12-24/12:02:11.196682       -4.9700073e+003       -2.9834541e+004       -2.2694594e+004
2021-12-24/12:02:11.296682       -4.2781392e+003       -2.8904129e+004       -1.3430687e+004
2021-12-24/12:02:11.396682       -2.9046594e+003       -2.6997918e+004       -3.5719631e+003
2021-12-24/12:02:11.496683       -8.9879858e+002       -2.4194613e+004        6.3811509e+003
2021-12-24/12:02:11.596683        1.6576851e+003       -2.0610557e+004        1.5905947e+004
2021-12-24/12:02:11.696682        4.6399561e+003       -1.6412064e+004        2.4543471e+004
2021-12-24/12:02:11.796682        7.9240586e+003       -1.1804524e+004        3.1858906e+004
2021-12-24/12:02:24.396697        1.9057914e+004        3.4572083e+003       -1.8820676e+004
2021-12-24/12:02:24.496697        1.6095277e+004       -7.7087073e+002       -2.7383926e+004
2021-12-24/12:02:24.596697        1.2841943e+004       -5.3970825e+003       -3.4628492e+004
2021-12-24/12:02:24.696697        9.4599658e+003       -1.0199381e+004       -4.0222922e+004
2021-12-24/12:02:24.796698        6.1251670e+003       -1.4931589e+004       -4.3937582e+004
2021-12-24/12:02:24.896697        3.0160093e+003       -1.9348680e+004       -4.5663848e+004
2021-12-24/12:02:24.996697        3.1476373e+002       -2.3211373e+004       -4.5352516e+004
2021-12-24/12:02:25.096697       -1.8575439e+003       -2.6331805e+004       -4.2963035e+004
2021-12-24/12:02:25.196697       -3.4006943e+003       -2.8575539e+004       -3.8525742e+004
2021-12-24/12:02:25.296698       -4.2622329e+003       -2.9857549e+004       -3.2225086e+004
2021-12-24/12:02:25.396697       -4.4187163e+003       -3.0136473e+004       -2.4359709e+004
2021-12-24/12:02:25.496697       -3.8692656e+003       -2.9401965e+004       -1.5335647e+004
2021-12-24/12:02:25.596697       -2.6382034e+003       -2.7683043e+004       -5.6192842e+003
2021-12-24/12:02:25.696697       -7.7124359e+002       -2.5047207e+004        4.2818374e+003
2021-12-24/12:02:25.796698        1.6595256e+003       -2.1605053e+004        1.3880600e+004
2021-12-24/12:02:25.896697        4.5301484e+003       -1.7516293e+004        2.2685551e+004
2021-12-24/12:02:25.996697        7.7222363e+003       -1.2975395e+004        3.0261256e+004
2021-12-24/12:02:26.096697        1.1082529e+004       -8.2055566e+003        3.6252746e+004
2021-12-24/12:02:26.196697        1.4439307e+004       -3.4492190e+003        4.0403461e+004
2021-12-24/12:02:26.296698        1.7610881e+004        1.0434202e+003        4.2576305e+004
2021-12-24/12:02:26.396697        2.0424947e+004        5.0437075e+003        4.2708762e+004
2021-12-24/12:02:26.496697        2.2731760e+004        8.3453945e+003        4.0766168e+004
2021-12-24/12:02:26.596697        2.4427879e+004        1.0800260e+004        3.6771430e+004
2021-12-24/12:02:26.696697        2.5454105e+004        1.2310063e+004        3.0856691e+004
2021-12-24/12:02:26.796698        2.5775863e+004        1.2820512e+004        2.3303268e+004
2021-12-24/12:02:26.896682        2.5388592e+004        1.2313572e+004        1.4496025e+004
2021-12-24/12:02:26.996683        2.4313135e+004        1.0809803e+004        4.8885977e+003
2021-12-24/12:02:27.096683        2.2586834e+004        8.3658525e+003       -5.0128335e+003
2021-12-24/12:02:27.196682        2.0279141e+004        5.0785278e+003       -1.4713724e+004
2021-12-24/12:02:27.296682        1.7494672e+004        1.0960503e+003       -2.3716121e+004
2021-12-24/12:02:27.396682        1.4356211e+004       -3.3856731e+003       -3.1577475e+004
2021-12-24/12:02:27.496683        1.1017017e+004       -8.1379893e+003       -3.7927648e+004
2021-12-24/12:02:27.596683        7.6485186e+003       -1.2931382e+004       -4.2488734e+004
2021-12-24/12:02:27.696682        4.4265405e+003       -1.7513932e+004       -4.5101961e+004
2021-12-24/12:02:27.796682        1.5301301e+003       -2.1643195e+004       -4.5692137e+004
2021-12-24/12:02:27.896682       -8.7983337e+002       -2.5106607e+004       -4.4222117e+004
2021-12-24/12:02:27.996683       -2.6966833e+003       -2.7748762e+004       -4.0679527e+004
2021-12-24/12:02:28.096683       -3.8559507e+003       -2.9461076e+004       -3.5180105e+004
2021-12-24/12:02:28.196682       -4.3195405e+003       -3.0182369e+004       -2.7971131e+004
2021-12-24/12:02:28.296682       -4.0763169e+003       -2.9893105e+004       -1.9415928e+004
2021-12-24/12:02:28.396682       -3.1391741e+003       -2.8599605e+004       -9.9626211e+003
2021-12-24/12:02:28.496683       -1.5497235e+003       -2.6357020e+004       -8.8114136e+001
2021-12-24/12:02:28.596683        6.2317035e+002       -2.3251813e+004        9.6981914e+003
2021-12-24/12:02:28.696682        3.3097639e+003       -1.9425889e+004        1.8899273e+004
2021-12-24/12:02:28.796682        6.3761377e+003       -1.5057917e+004        2.7058346e+004
2021-12-24/12:02:28.896682        9.6763574e+003       -1.0361041e+004        3.3779273e+004
2021-12-24/12:02:28.996683        1.3049837e+004       -5.5696587e+003        3.8757844e+004
2021-12-24/12:02:29.096683        1.6318995e+004       -9.2793536e+002        4.1810840e+004
2021-12-24/12:02:29.196682        1.9301852e+004        3.3147935e+003        4.2840164e+004
2021-12-24/12:02:29.296682        2.1839289e+004        6.9425132e+003        4.1829410e+004
2021-12-24/12:02:29.396682        2.3804764e+004        9.7831240e+003        3.8738441e+004
2021-12-24/12:02:29.496683        2.5123738e+004        1.1716337e+004        3.3648770e+004
2021-12-24/12:02:29.596683        2.5753775e+004        1.2670305e+004        2.6783316e+004
2021-12-24/12:02:29.696682        2.5677291e+004        1.2610844e+004        1.8482504e+004
2021-12-24/12:02:29.796682        2.4899270e+004        1.1540538e+004        9.1805322e+003
2021-12-24/12:02:29.896682        2.3449014e+004        9.4996045e+003       -6.4260156e+002
2021-12-24/12:02:29.996683        2.1390992e+004        6.5653140e+003       -1.0479971e+004
2021-12-24/12:02:30.096683        1.8810771e+004        2.8692280e+003       -1.9837031e+004
2021-12-24/12:02:30.196682        1.5819123e+004       -1.4163016e+003       -2.8243375e+004
2021-12-24/12:02:30.296682        1.2558757e+004       -6.0749731e+003       -3.5291113e+004
2021-12-24/12:02:30.396682        9.1917236e+003       -1.0882154e+004       -4.0659934e+004
2021-12-24/12:02:30.496683        5.8950205e+003       -1.5585925e+004       -4.4133199e+004
2021-12-24/12:02:30.596683        2.8432986e+003       -1.9942693e+004       -4.5620551e+004
2021-12-24/12:02:30.696682        2.1062454e+002       -2.3723518e+004       -4.5068133e+004
2021-12-24/12:02:30.796682       -1.8605842e+003       -2.6739389e+004       -4.2447785e+004
2021-12-24/12:02:30.896682       -3.3143572e+003       -2.8867072e+004       -3.7796336e+004
2021-12-24/12:02:30.996683       -4.0871045e+003       -3.0030162e+004       -3.1305039e+004
2021-12-24/12:02:31.096683       -4.1542109e+003       -3.0185852e+004       -2.3295754e+004
2021-12-24/12:02:31.196682       -3.5197786e+003       -2.9332137e+004       -1.4187515e+004
2021-12-24/12:02:31.296682       -2.2125256e+003       -2.7498887e+004       -4.4454639e+003
2021-12-24/12:02:31.396682       -2.8373444e+002       -2.4758779e+004        5.4265664e+003
2021-12-24/12:02:31.496683        2.1783901e+003       -2.1233033e+004        1.4934342e+004
2021-12-24/12:02:31.596683        5.0859360e+003       -1.7079354e+004        2.3597863e+004
2021-12-24/12:02:31.696682        8.2956064e+003       -1.2499390e+004        3.0988191e+004
2021-12-24/12:02:31.796682        1.1649453e+004       -7.7183481e+003        3.6754379e+004
2021-12-24/12:02:31.896682        1.4973629e+004       -2.9800898e+003        4.0667465e+004
2021-12-24/12:02:31.996683        1.8093922e+004        1.4677379e+003        4.2590871e+004
2021-12-24/12:02:32.096683        2.0836779e+004        5.3896050e+003        4.2479148e+004
2021-12-24/12:02:32.196682        2.3059783e+004        8.5939141e+003        4.0304137e+004
2021-12-24/12:02:32.296682        2.4663885e+004        1.0935026e+004        3.6081934e+004
2021-12-24/12:02:32.396682        2.5596047e+004        1.2323608e+004        2.9971605e+004
2021-12-24/12:02:32.496683        2.5827256e+004        1.2711113e+004        2.2263443e+004
2021-12-24/12:02:32.596683        2.5355168e+004        1.2081741e+004        1.3357602e+004
2021-12-24/12:02:32.696682        2.4195021e+004        1.0459336e+004        3.7176787e+003
2021-12-24/12:02:32.796682        2.2399563e+004        7.9033569e+003       -6.1552803e+003
2021-12-24/12:02:32.896682        2.0041760e+004        4.5221006e+003       -1.5774158e+004
2021-12-24/12:02:32.996683        1.7222127e+004        4.7211850e+002       -2.4646885e+004
2021-12-24/12:02:33.096683        1.4068427e+004       -4.0521184e+003       -3.2329670e+004
2021-12-24/12:02:33.196682        1.0735387e+004       -8.8228184e+003       -3.8465066e+004
2021-12-24/12:02:33.296682        7.3958994e+003       -1.3601849e+004       -4.2789398e+004
2021-12-24/12:02:33.396682        4.2213936e+003       -1.8143320e+004       -4.5154121e+004
2021-12-24/12:02:33.496683        1.3923828e+003       -2.2200484e+004       -4.5505996e+004
2021-12-24/12:02:33.596683       -9.2615210e+002       -2.5568814e+004       -4.3796441e+004
2021-12-24/12:02:33.696682       -2.6568481e+003       -2.8097504e+004       -4.0029785e+004
2021-12-24/12:02:33.796682       -3.7296687e+003       -2.9687738e+004       -3.4327660e+004
2021-12-24/12:02:33.896682       -4.1047603e+003       -3.0285225e+004       -2.6957137e+004
2021-12-24/12:02:33.996683       -3.7742107e+003       -2.9873303e+004       -1.8289902e+004
2021-12-24/12:02:34.096683       -2.7567749e+003       -2.8462604e+004       -8.7777949e+003
2021-12-24/12:02:34.196682       -1.0949432e+003       -2.6110861e+004        1.0855706e+003
2021-12-24/12:02:34.296682        1.1558993e+003       -2.2910287e+004        1.0801934e+004
2021-12-24/12:02:34.396682        3.8766960e+003       -1.9009201e+004        1.9876576e+004
2021-12-24/12:02:34.496683        6.9580146e+003       -1.4593259e+004        2.7859555e+004
2021-12-24/12:02:34.596683        1.0256770e+004       -9.8736895e+003        3.4367871e+004
2021-12-24/12:02:34.696682        1.3607393e+004       -5.0874775e+003        3.9114332e+004
2021-12-24/12:02:34.796682        1.6831715e+004       -4.8711847e+002        4.1925320e+004
2021-12-24/12:02:34.896682        1.9750689e+004        3.6941382e+003        4.2714176e+004
2021-12-24/12:02:34.996683        2.2205195e+004        7.2330967e+003        4.1468219e+004
2021-12-24/12:02:35.096683        2.4078602e+004        9.9645869e+003        3.8144121e+004
2021-12-24/12:02:35.196682        2.5301166e+004        1.1779739e+004        3.2848336e+004
2021-12-24/12:02:35.296682        2.5839773e+004        1.2611050e+004        2.5811121e+004
2021-12-24/12:02:35.396682        2.5675672e+004        1.2428357e+004        1.7389613e+004
2021-12-24/12:02:35.496683        2.4815598e+004        1.1236831e+004        8.0223398e+003
2021-12-24/12:02:35.596683        2.3294133e+004        9.0818584e+003       -1.8066731e+003
2021-12-24/12:02:35.696682        2.1179260e+004        6.0493267e+003       -1.1588646e+004
2021-12-24/12:02:35.796682        1.8558602e+004        2.2756821e+003       -2.0833674e+004
2021-12-24/12:02:35.896682        1.5544682e+004       -2.0483394e+003       -2.9081256e+004
2021-12-24/12:02:35.996683        1.2281971e+004       -6.7449282e+003       -3.5929691e+004
2021-12-24/12:02:36.096683        8.9325205e+003       -1.1556418e+004       -4.1072590e+004
2021-12-24/12:02:36.196682        5.6742051e+003       -1.6232612e+004       -4.4311895e+004
2021-12-24/12:02:36.296682        2.6822639e+003       -2.0530494e+004       -4.5555996e+004
2021-12-24/12:02:36.396682        1.1259340e+002       -2.4224568e+004       -4.4760637e+004
2021-12-24/12:02:36.496683       -1.8882859e+003       -2.7139613e+004       -4.1897660e+004
2021-12-24/12:02:36.596683       -3.2397876e+003       -2.9153258e+004       -3.7026168e+004
2021-12-24/12:02:36.696682       -3.9140732e+003       -3.0191965e+004       -3.0358162e+004
2021-12-24/12:02:36.796682       -3.8888721e+003       -3.0222701e+004       -2.2223539e+004
2021-12-24/12:02:41.896697        5.4660918e+003       -1.6874713e+004       -4.4450152e+004
2021-12-24/12:02:41.996697        2.5371538e+003       -2.1107963e+004       -4.5453480e+004
2021-12-24/12:02:42.096697        5.7446884e+001       -2.4711266e+004       -4.4419824e+004
2021-12-24/12:02:42.196697       -1.8549341e+003       -2.7519740e+004       -4.1323500e+004
2021-12-24/12:02:42.296698       -3.1199890e+003       -2.9418482e+004       -3.6242805e+004
2021-12-24/12:02:42.396697       -3.7057766e+003       -3.0334246e+004       -2.9403037e+004
2021-12-24/12:02:42.496697       -3.5958865e+003       -3.0240602e+004       -2.1141838e+004
2021-12-24/12:02:42.596697       -2.7973518e+003       -2.9142719e+004       -1.1889690e+004
2021-12-24/12:02:42.696697       -1.3485604e+003       -2.7080529e+004       -2.1197871e+003
2021-12-24/12:02:42.796698        6.8894873e+002       -2.4140781e+004        7.6652803e+003
2021-12-24/12:02:42.896697        3.2545166e+003       -2.0450439e+004        1.6970039e+004
2021-12-24/12:02:42.996697        6.2168608e+003       -1.6180135e+004        2.5322225e+004
2021-12-24/12:02:43.096697        9.4411836e+003       -1.1536113e+004        3.2317352e+004
2021-12-24/12:02:43.196697        1.2768363e+004       -6.7484648e+003        3.7639746e+004
2021-12-24/12:02:43.296698        1.6025213e+004       -2.0662388e+003        4.1073094e+004
2021-12-24/12:02:43.396697        1.9034443e+004        2.2684111e+003        4.2508762e+004
2021-12-24/12:02:43.496697        2.1629902e+004        6.0251074e+003        4.1934680e+004
2021-12-24/12:02:43.596697        2.3681770e+004        9.0248926e+003        3.9287406e+004
2021-12-24/12:02:43.696697        2.5104773e+004        1.1138501e+004        3.4627602e+004
2021-12-24/12:02:43.796698        2.5853199e+004        1.2284354e+004        2.8147756e+004
2021-12-24/12:02:43.896697        2.5904773e+004        1.2424246e+004        2.0163850e+004
2021-12-24/12:02:43.996697        2.5263602e+004        1.1552720e+004        1.1085319e+004
2021-12-24/12:02:44.096697        2.3952539e+004        9.6990752e+003        1.3903094e+003
2021-12-24/12:02:44.196697        2.2031367e+004        6.9359873e+003       -8.4238496e+003
2021-12-24/12:02:44.296698        1.9576275e+004        3.3835278e+003       -1.7860135e+004
2021-12-24/12:02:44.396697        1.6693867e+004       -7.9513464e+002       -2.6443867e+004
2021-12-24/12:02:44.496697        1.3517017e+004       -5.3914722e+003       -3.3753734e+004
2021-12-24/12:02:44.596697        1.0203903e+004       -1.0180557e+004       -3.9452766e+004
2021-12-24/12:02:44.696697        6.9277124e+003       -1.4918223e+004       -4.3314121e+004
2021-12-24/12:02:44.796698        3.8616321e+003       -1.9355996e+004       -4.5204102e+004
2021-12-24/12:02:44.896697        1.1785549e+003       -2.3259766e+004       -4.5075355e+004
2021-12-24/12:02:44.996697       -9.9082239e+002       -2.6432189e+004       -4.2887660e+004
2021-12-24/12:02:45.096697       -2.5395403e+003       -2.8740557e+004       -3.8666383e+004
2021-12-24/12:02:45.196697       -3.4227639e+003       -3.0092943e+004       -3.2572455e+004
2021-12-24/12:02:45.296698       -3.6152913e+003       -3.0445117e+004       -2.4901740e+004
2021-12-24/12:02:45.396697       -3.1159507e+003       -2.9787020e+004       -1.6041393e+004
2021-12-24/12:02:45.496697       -1.9481851e+003       -2.8142207e+004       -6.4568662e+003
2021-12-24/12:02:45.596697       -1.6005313e+002       -2.5576463e+004        3.3715281e+003
2021-12-24/12:02:45.696697        2.1804597e+003       -2.2197791e+004        1.2930677e+004
2021-12-24/12:02:45.796698        4.9754780e+003       -1.8158725e+004        2.1744293e+004
2021-12-24/12:02:45.896697        8.0954780e+003       -1.3650574e+004        2.9372301e+004
2021-12-24/12:02:45.996697        1.1388372e+004       -8.8971094e+003        3.5457254e+004
2021-12-24/12:02:46.096697        1.4687713e+004       -4.1393354e+003        3.9738258e+004
2021-12-24/12:02:46.196697        1.7818848e+004        3.6996408e+002        4.2063676e+004
2021-12-24/12:02:46.296698        2.0603904e+004        4.4058706e+003        4.2388008e+004
2021-12-24/12:02:46.396697        2.2897822e+004        7.7584019e+003        4.0664527e+004
2021-12-24/12:02:46.496697        2.4603318e+004        1.0273304e+004        3.6877137e+004
2021-12-24/12:02:46.596697        2.5647713e+004        1.1851472e+004        3.1170986e+004
2021-12-24/12:02:46.696697        2.6002586e+004        1.2436032e+004        2.3812844e+004
2021-12-24/12:02:46.796698        2.5663244e+004        1.2004291e+004        1.5175628e+004
2021-12-24/12:02:46.896682        2.4642648e+004        1.0574893e+004        5.7059380e+003
2021-12-24/12:02:46.996683        2.2981404e+004        8.2024688e+003       -4.1110059e+003
2021-12-24/12:02:47.096683        2.0756348e+004        4.9797754e+003       -1.3759903e+004
2021-12-24/12:02:47.196682        1.8054225e+004        1.0541741e+003       -2.2760445e+004
2021-12-24/12:02:47.296682        1.4996935e+004       -3.3870466e+003       -3.0666672e+004
2021-12-24/12:02:47.396682        1.1731586e+004       -8.1181060e+003       -3.7100098e+004
2021-12-24/12:02:47.496683        8.4255059e+003       -1.2906041e+004       -4.1788375e+004
2021-12-24/12:02:47.596683        5.2559819e+003       -1.7503814e+004       -4.4556035e+004
2021-12-24/12:02:47.696682        2.3941501e+003       -2.1665252e+004       -4.5321684e+004
2021-12-24/12:02:47.796682       -1.7472534e+000       -2.5180367e+004       -4.4052203e+004
2021-12-24/12:02:47.896682       -1.8209414e+003       -2.7878250e+004       -4.0729961e+004
2021-12-24/12:02:47.996683       -2.9972053e+003       -2.9656633e+004       -3.5443152e+004
2021-12-24/12:02:48.096683       -3.4939084e+003       -3.0450027e+004       -2.8435338e+004
2021-12-24/12:02:48.196682       -3.2958132e+003       -3.0235162e+004       -2.0056848e+004
2021-12-24/12:02:48.296682       -2.4169854e+003       -2.9019506e+004       -1.0737853e+004
2021-12-24/12:02:48.396682       -8.9522717e+002       -2.6848734e+004       -9.6206958e+002
2021-12-24/12:02:48.496683        1.2146631e+003       -2.3810170e+004        8.7676016e+003
2021-12-24/12:02:48.596683        3.8151028e+003       -2.0040260e+004        1.7952281e+004
2021-12-24/12:02:48.696682        6.7959087e+003       -1.5716238e+004        2.6140445e+004
2021-12-24/12:02:48.796682        1.0019352e+004       -1.1045215e+004        3.2933480e+004
2021-12-24/12:02:48.896682        1.3327777e+004       -6.2595781e+003        3.8028414e+004
2021-12-24/12:02:48.996683        1.6543016e+004       -1.6055027e+003        4.1229652e+004
2021-12-24/12:02:49.096683        1.9492758e+004        2.6760054e+003        4.2415570e+004
2021-12-24/12:02:49.196682        2.2016422e+004        6.3450898e+003        4.1591738e+004
2021-12-24/12:02:49.296682        2.3978326e+004        9.2377285e+003        3.8721023e+004
2021-12-24/12:03:04.396697        1.4190103e+004       -5.3801167e+003       -3.2855656e+004
2021-12-24/12:03:04.496697        1.0946439e+004       -1.0151104e+004       -3.8651555e+004
2021-12-24/12:03:04.596697        7.7244619e+003       -1.4889632e+004       -4.2634844e+004
2021-12-24/12:03:04.696697        4.6979414e+003       -1.9347801e+004       -4.4678328e+004
2021-12-24/12:03:04.796698        2.0371356e+003       -2.3285467e+004       -4.4734652e+004
2021-12-24/12:03:04.896697       -1.3194873e+002       -2.6509883e+004       -4.2749352e+004
2021-12-24/12:03:04.996697       -1.6897510e+003       -2.8879146e+004       -3.8741926e+004
2021-12-24/12:03:05.096697       -2.5914360e+003       -3.0297027e+004       -3.2870203e+004
2021-12-24/12:03:05.196697       -2.8173701e+003       -3.0721588e+004       -2.5400648e+004
2021-12-24/12:03:05.296698       -2.3640366e+003       -3.0137891e+004       -1.6717012e+004
2021-12-24/12:03:05.396697       -1.2540000e+003       -2.8566902e+004       -7.2661797e+003
2021-12-24/12:03:05.496697        4.6790479e+002       -2.6070674e+004        2.4569922e+003
2021-12-24/12:03:05.596697        2.7375020e+003       -2.2751176e+004        1.1964148e+004
2021-12-24/12:03:05.696697        5.4507622e+003       -1.8767549e+004        2.0775600e+004
2021-12-24/12:03:05.796698        8.4890039e+003       -1.4303923e+004        2.8454361e+004
2021-12-24/12:03:05.896697        1.1708345e+004       -9.5768848e+003        3.4626586e+004
2021-12-24/12:03:05.996697        1.4947905e+004       -4.8265796e+003        3.9032000e+004
2021-12-24/12:03:06.096697        1.8029225e+004       -3.0578995e+002        4.1514941e+004
2021-12-24/12:03:06.196697        2.0786732e+004        3.7571184e+003        4.1999273e+004
2021-12-24/12:03:06.296698        2.3073033e+004        7.1602065e+003        4.0464266e+004
2021-12-24/12:03:06.396697        2.4784975e+004        9.7351436e+003        3.6899391e+004
2021-12-24/12:03:06.496697        2.5848418e+004        1.1378231e+004        3.1413896e+004
2021-12-24/12:03:06.596697        2.6236697e+004        1.2035754e+004        2.4260629e+004
2021-12-24/12:03:06.696697        2.5942777e+004        1.1679560e+004        1.5803221e+004
2021-12-24/12:03:06.796698        2.4981020e+004        1.0326885e+004        6.4786558e+003
2021-12-24/12:03:06.896697        2.3386514e+004        8.0269209e+003       -3.2156287e+003
2021-12-24/12:03:06.996697        2.1234719e+004        4.8697217e+003       -1.2801083e+004
2021-12-24/12:03:07.096697        1.8610543e+004        9.9898560e+002       -2.1790174e+004
2021-12-24/12:03:07.196697        1.5630029e+004       -3.3942639e+003       -2.9730754e+004
2021-12-24/12:03:07.296698        1.2438821e+004       -8.0983213e+003       -3.6248973e+004
2021-12-24/12:03:07.396697        9.1966230e+003       -1.2875915e+004       -4.1052379e+004
2021-12-24/12:03:07.496697        6.0731064e+003       -1.7481732e+004       -4.3963945e+004
2021-12-24/12:03:07.596697        3.2414580e+003       -2.1673330e+004       -4.4898566e+004
2021-12-24/12:03:07.696697        8.6636633e+002       -2.5230385e+004       -4.3822516e+004
2021-12-24/12:03:07.796698       -9.5663745e+002       -2.7985717e+004       -4.0704836e+004
2021-12-24/12:03:07.896697       -2.1522419e+003       -2.9828734e+004       -3.5634969e+004
2021-12-24/12:03:07.996697       -2.6785422e+003       -3.0692504e+004       -2.8835744e+004
2021-12-24/12:03:08.096697       -2.5246960e+003       -3.0552037e+004       -2.0644797e+004
2021-12-24/12:03:08.196697       -1.7003737e+003       -2.9410207e+004       -1.1487040e+004
2021-12-24/12:03:08.296698       -2.4747986e+002       -2.7311822e+004       -1.8353578e+003
2021-12-24/12:03:08.396697        1.7824103e+003       -2.4342199e+004        7.8188008e+003
2021-12-24/12:03:08.496697        4.3087109e+003       -2.0632324e+004        1.6981508e+004
2021-12-24/12:03:08.596697        7.2147915e+003       -1.6355699e+004        2.5193191e+004
2021-12-24/12:03:08.696697        1.0366146e+004       -1.1715700e+004        3.2056170e+004
2021-12-24/12:03:08.796698        1.3608052e+004       -6.9470107e+003        3.7260348e+004
2021-12-24/12:03:08.896697        1.6771715e+004       -2.2923608e+003        4.0595590e+004
2021-12-24/12:03:08.996697        1.9684242e+004        2.0017864e+003        4.1956980e+004
2021-12-24/12:03:09.096697        2.2186514e+004        5.7130967e+003        4.1329051e+004
2021-12-24/12:03:09.196697        2.4149297e+004        8.6608887e+003        3.8666613e+004
2021-12-24/12:03:09.296698        2.5492594e+004        1.0720493e+004        3.4013309e+004
2021-12-24/12:03:09.396682        2.6178145e+004        1.1814856e+004        2.7569467e+004
2021-12-24/12:03:09.496683        2.6183711e+004        1.1903330e+004        1.9649623e+004
2021-12-24/12:03:09.596683        2.5513234e+004        1.0983259e+004        1.0661460e+004
2021-12-24/12:03:09.696682        2.4197191e+004        9.0896855e+003        1.0800289e+003
2021-12-24/12:03:09.796682        2.2286275e+004        6.2958618e+003       -8.6035293e+003
2021-12-24/12:03:09.896682        1.9861953e+004        2.7221453e+003       -1.7904574e+004
2021-12-24/12:03:09.996683        1.7030598e+004       -1.4645691e+003       -2.6349293e+004
2021-12-24/12:03:10.096683        1.3920268e+004       -6.0571724e+003       -3.3526703e+004
2021-12-24/12:03:10.196682        1.0687447e+004       -1.0829596e+004       -3.9105656e+004
2021-12-24/12:03:10.296682        7.5000479e+003       -1.5539398e+004       -4.2856836e+004
2021-12-24/12:03:10.396682        4.5289121e+003       -1.9940117e+004       -4.4667281e+004
2021-12-24/12:03:10.496683        1.9384359e+003       -2.3793330e+004       -4.4484070e+004
2021-12-24/12:03:10.596683       -1.5006229e+002       -2.6917207e+004       -4.2265734e+004
2021-12-24/12:03:10.696682       -1.6202455e+003       -2.9171283e+004       -3.8045695e+004
2021-12-24/12:03:10.796682       -2.4307949e+003       -3.0470242e+004       -3.1983955e+004
2021-12-24/12:03:10.896682       -2.5691099e+003       -3.0773582e+004       -2.4370492e+004
2021-12-24/12:03:10.996683       -2.0337253e+003       -3.0069236e+004       -1.5594941e+004
2021-12-24/12:03:11.096683       -8.5013562e+002       -2.8384496e+004       -6.1128530e+003
2021-12-24/12:03:11.196682        9.4004767e+002       -2.5786580e+004        3.5861799e+003
2021-12-24/12:03:11.296682        3.2568242e+003       -2.2383205e+004        1.3003897e+004
2021-12-24/12:03:11.396682        6.0008535e+003       -1.8330637e+004        2.1676082e+004
2021-12-24/12:03:11.496683        9.0540410e+003       -1.3823923e+004        2.9165754e+004
2021-12-24/12:03:11.596683        1.2266056e+004       -9.0839590e+003        3.5123512e+004
2021-12-24/12:03:11.696682        1.5475433e+004       -4.3517505e+003        3.9296816e+004
2021-12-24/12:03:11.796682        1.8508400e+004        1.3198384e+002        4.1540840e+004
2021-12-24/12:03:11.896682        2.1198418e+004        4.1171006e+003        4.1799582e+004
2021-12-24/12:03:11.996683        2.3403547e+004        7.4196499e+003        4.0024730e+004
2021-12-24/12:03:12.096683        2.5027869e+004        9.8825586e+003        3.6236102e+004
2021-12-24/12:03:12.196682        2.6001057e+004        1.1408159e+004        3.0556566e+004
2021-12-24/12:03:12.296682        2.6302887e+004        1.1939578e+004        2.3249486e+004
2021-12-24/12:03:12.396682        2.5927502e+004        1.1460152e+004        1.4692427e+004
2021-12-24/12:03:12.496683        2.4888381e+004        9.9885547e+003        5.3297969e+003
2021-12-24/12:03:12.596683        2.3228602e+004        7.5785010e+003       -4.3614990e+003
2021-12-24/12:03:12.696682        2.1026111e+004        4.3302422e+003       -1.3875464e+004
2021-12-24/12:03:12.796682        1.8368527e+004        3.9315082e+002       -2.2735813e+004
2021-12-24/12:03:12.896682        1.5374242e+004       -4.0420376e+003       -3.0504633e+004
2021-12-24/12:03:12.996683        1.2183326e+004       -8.7673516e+003       -3.6809934e+004
2021-12-24/12:03:13.096683        8.9636924e+003       -1.3535180e+004       -4.1383395e+004
2021-12-24/12:03:13.196682        5.8853042e+003       -1.8096760e+004       -4.4055426e+004
2021-12-24/12:03:13.296682        3.1166594e+003       -2.2215969e+004       -4.4754227e+004
2021-12-24/12:03:13.396682        8.0515753e+002       -2.5677369e+004       -4.3439875e+004
2021-12-24/12:03:13.496683       -9.3843225e+002       -2.8324982e+004       -4.0101539e+004
2021-12-24/12:03:13.596683       -2.0367473e+003       -3.0050799e+004       -3.4828035e+004
2021-12-24/12:03:13.696682       -2.4704470e+003       -3.0792486e+004       -2.7866025e+004
2021-12-24/12:03:13.796682       -2.2298608e+003       -3.0529361e+004       -1.9563047e+004
2021-12-24/12:03:13.896682       -1.3270037e+003       -2.9269471e+004       -1.0348036e+004
2021-12-24/12:03:13.996683        1.9856410e+002       -2.7063078e+004       -6.9171179e+002
2021-12-24/12:03:14.096683        2.2885276e+003       -2.3999236e+004        8.9030273e+003
2021-12-24/12:03:14.196682        4.8508721e+003       -2.0213240e+004        1.7948443e+004
2021-12-24/12:03:14.296682        7.7768794e+003       -1.5886347e+004        2.5996412e+004
2021-12-24/12:03:24.396697        1.1654709e+004       -1.0116445e+004       -3.7822012e+004
2021-12-24/12:03:24.496697        8.4913389e+003       -1.4847504e+004       -4.1936520e+004
2021-12-24/12:03:24.596697        5.5119985e+003       -1.9315439e+004       -4.4139379e+004
2021-12-24/12:03:24.696697        2.8810825e+003       -2.3281830e+004       -4.4366227e+004
2021-12-24/12:03:24.796698        7.3749268e+002       -2.6549623e+004       -4.2582398e+004
2021-12-24/12:03:24.896697       -8.3613379e+002       -2.8972891e+004       -3.8792844e+004
2021-12-24/12:03:24.996697       -1.7624341e+003       -3.0457988e+004       -3.3131875e+004
2021-12-24/12:03:25.096697       -2.0241191e+003       -3.0954074e+004       -2.5863791e+004
2021-12-24/12:03:25.196697       -1.6179652e+003       -3.0444775e+004       -1.7356867e+004
2021-12-24/12:03:25.296698       -5.6214105e+002       -2.8950771e+004       -8.0499419e+003
2021-12-24/12:03:25.396697        1.0914854e+003       -2.6528652e+004        1.5636750e+003
2021-12-24/12:03:25.496697        3.2781521e+003       -2.3277521e+004        1.1012649e+004
2021-12-24/12:03:25.596697        5.9152217e+003       -1.9350771e+004        1.9812031e+004
2021-12-24/12:03:25.696697        8.8784453e+003       -1.4932818e+004        2.7523287e+004
2021-12-24/12:03:25.796698        1.2028042e+004       -1.0237092e+004        3.3773500e+004
2021-12-24/12:03:25.896697        1.5205186e+004       -5.4991382e+003        3.8294660e+004
2021-12-24/12:03:25.996697        1.8238738e+004       -9.7001794e+002        4.0913770e+004
2021-12-24/12:03:26.096697        2.0966650e+004        3.1164453e+003        4.1572957e+004
2021-12-24/12:03:26.196697        2.3237713e+004        6.5583125e+003        4.0235086e+004
2021-12-24/12:03:26.296698        2.4950826e+004        9.1855293e+003        3.6883133e+004
2021-12-24/12:03:26.396697        2.6029508e+004        1.0894111e+004        3.1617678e+004
2021-12-24/12:03:26.496697        2.6448850e+004        1.1620861e+004        2.4673617e+004
2021-12-24/12:03:26.596697        2.6199471e+004        1.1338779e+004        1.6401586e+004
2021-12-24/12:03:26.696697        2.5294563e+004        1.0062514e+004        7.2308315e+003
2021-12-24/12:03:26.796698        2.3767822e+004        7.8377378e+003       -2.3580271e+003
2021-12-24/12:03:46.896697        1.9646670e+004        8.7317773e+002       -1.9899922e+004
2021-12-24/12:03:46.996697        1.6818830e+004       -3.4186714e+003       -2.7874545e+004
2021-12-24/12:03:47.096697        1.3771211e+004       -8.0494790e+003       -3.4510984e+004
2021-12-24/12:03:47.196697        1.0655313e+004       -1.2787720e+004       -3.9515551e+004
2021-12-24/12:03:47.296698        7.6328960e+003       -1.7389516e+004       -4.2695434e+004
2021-12-24/12:03:47.396697        4.8721631e+003       -2.1612998e+004       -4.3949438e+004
2021-12-24/12:03:47.496697        2.5254963e+003       -2.5236121e+004       -4.3233617e+004
2021-12-24/12:03:47.596697        7.1040479e+002       -2.8088832e+004       -4.0523828e+004
2021-12-24/12:03:47.696697       -5.0160992e+002       -3.0049049e+004       -3.5886926e+004
2021-12-24/12:03:47.796698       -1.0803645e+003       -3.1043807e+004       -2.9514158e+004
2021-12-24/12:03:47.896697       -1.0076906e+003       -3.1044668e+004       -2.1712225e+004
2021-12-24/12:03:47.996697       -2.7977838e+002       -3.0051059e+004       -1.2880348e+004
2021-12-24/12:03:48.096697        1.0550201e+003       -2.8101184e+004       -3.4839844e+003
2021-12-24/12:03:48.196697        2.9424927e+003       -2.5274900e+004        5.9996519e+003
2021-12-24/12:03:48.296698        5.3111377e+003       -2.1690844e+004        1.5077563e+004
2021-12-24/12:03:48.396697        8.0601484e+003       -1.7523088e+004        2.3299148e+004
2021-12-24/12:03:48.496697        1.1061468e+004       -1.2967253e+004        3.0265184e+004
2021-12-24/12:03:48.596697        1.4170625e+004       -8.2491201e+003        3.5655355e+004
2021-12-24/12:03:48.696697        1.7224691e+004       -3.6108438e+003        3.9245918e+004
2021-12-24/12:03:48.796698        2.0057219e+004        7.0082587e+002        4.0922668e+004
2021-12-24/12:03:48.896697        2.2513189e+004        4.4704487e+003        4.0645375e+004
2021-12-24/12:03:48.996697        2.4462787e+004        7.5104487e+003        3.8377523e+004
2021-12-24/12:03:49.096697        2.5828061e+004        9.6812207e+003        3.4151914e+004
2021-12-24/12:03:49.196697        2.6559197e+004        1.0905206e+004        2.8132572e+004
2021-12-24/12:03:49.296698        2.6637732e+004        1.1134435e+004        2.0607621e+004
2021-12-24/12:03:49.396682        2.6066697e+004        1.0364371e+004        1.1967939e+004
2021-12-24/12:03:49.496683        2.4869627e+004        8.6236172e+003        2.6576111e+003
2021-12-24/12:03:49.596683        2.3099078e+004        5.9760054e+003       -6.8322148e+003
2021-12-24/12:03:49.696682        2.0822447e+004        2.5375852e+003       -1.6024014e+004
2021-12-24/12:03:49.796682        1.8142887e+004       -1.5382495e+003       -2.4453877e+004
2021-12-24/12:03:49.896682        1.5181422e+004       -6.0406553e+003       -3.1708654e+004
2021-12-24/12:03:49.996683        1.2082228e+004       -1.0757352e+004       -3.7455039e+004
2021-12-24/12:03:50.096683        9.0067695e+003       -1.5443887e+004       -4.1448230e+004
2021-12-24/12:03:50.196682        6.1197363e+003       -1.9858105e+004       -4.3549582e+004
2021-12-24/12:03:50.296682        3.5814214e+003       -2.3765896e+004       -4.3709273e+004
2021-12-24/12:03:50.396682        1.5272089e+003       -2.6971355e+004       -4.1885832e+004
2021-12-24/12:03:50.496683        4.0322342e+001       -2.9332576e+004       -3.8089777e+004
2021-12-24/12:03:50.596683       -8.1476929e+002       -3.0756777e+004       -3.2453877e+004
2021-12-24/12:03:50.696682       -1.0237070e+003       -3.1197137e+004       -2.5244283e+004
2021-12-24/12:03:50.796682       -5.9352380e+002       -3.0639578e+004       -1.6826180e+004
2021-12-24/12:03:50.896682        4.6405859e+002       -2.9104783e+004       -7.6362378e+003
2021-12-24/12:03:50.996683        2.1118242e+003       -2.6655664e+004        1.8489458e+003
2021-12-24/12:03:51.096683        4.2905791e+003       -2.3387873e+004        1.1151537e+004
2021-12-24/12:03:51.196682        6.8907256e+003       -1.9456525e+004        1.9791537e+004
2021-12-24/12:03:51.296682        9.7950479e+003       -1.5046903e+004        2.7344652e+004
2021-12-24/12:03:51.396682        1.2869041e+004       -1.0372720e+004        3.3450957e+004
2021-12-24/12:03:51.496683        1.5958564e+004       -5.6703857e+003        3.7845230e+004
2021-12-24/12:03:51.596683        1.8898932e+004       -1.1878007e+003        4.0365617e+004
2021-12-24/12:03:51.696682        2.1531605e+004        2.8501167e+003        4.0949602e+004
2021-12-24/12:03:51.796682        2.3712117e+004        6.2244795e+003        3.9561594e+004
2021-12-24/12:03:51.896682        2.5334436e+004        8.7840576e+003        3.6192242e+004
2021-12-24/12:03:51.996683        2.6344838e+004        1.0428582e+004        3.0943500e+004
2021-12-24/12:03:52.096683        2.6708793e+004        1.1094435e+004        2.4053287e+004
2021-12-24/12:03:52.196682        2.6420441e+004        1.0761795e+004        1.5864197e+004
2021-12-24/12:03:52.296682        2.5494143e+004        9.4427285e+003        6.8017603e+003
2021-12-24/12:03:52.396682        2.3972090e+004        7.1837700e+003       -2.6676401e+003
2021-12-24/12:03:52.496683        2.1914361e+004        4.0802871e+003       -1.2036150e+004
2021-12-24/12:03:52.596683        1.9404471e+004        2.7676840e+002       -2.0842340e+004
2021-12-24/12:03:52.696682        1.6562566e+004       -4.0575942e+003       -2.8654797e+004
2021-12-24/12:03:52.796682        1.3514947e+004       -8.7110947e+003       -3.5089457e+004
2021-12-24/12:03:52.896682        1.0416339e+004       -1.3439281e+004       -3.9866867e+004
2021-12-24/12:03:52.996683        7.4337749e+003       -1.8000287e+004       -4.2807523e+004
2021-12-24/12:03:53.096683        4.7342876e+003       -2.2153967e+004       -4.3826633e+004
2021-12-24/12:03:53.196682        2.4617603e+003       -2.5684883e+004       -4.2887059e+004
2021-12-24/12:03:53.296682        7.1817035e+002       -2.8427289e+004       -3.9959090e+004
2021-12-24/12:03:53.396682       -4.1472345e+002       -3.0269730e+004       -3.5109574e+004
2021-12-24/12:03:53.496683       -9.0703113e+002       -3.1144416e+004       -2.8560096e+004
2021-12-24/12:03:53.596683       -7.4351471e+002       -3.1023195e+004       -2.0635918e+004
2021-12-24/12:03:53.696682        5.2382782e+001       -2.9910090e+004       -1.1743385e+004
2021-12-24/12:03:53.796682        1.4522363e+003       -2.7851920e+004       -2.3426885e+003
2021-12-24/12:03:53.896682        3.3983169e+003       -2.4930557e+004        7.0855513e+003
2021-12-24/12:03:53.996683        5.8129692e+003       -2.1274973e+004        1.6051121e+004
2021-12-24/12:03:54.096683        8.5889395e+003       -1.7054074e+004        2.4117041e+004
2021-12-24/12:03:54.196682        1.1596705e+004       -1.2471813e+004        3.0887176e+004
2021-12-24/12:03:54.296682        1.4689160e+004       -7.7568403e+003        3.6054215e+004
2021-12-24/12:04:29.396697        2.3793611e+004        5.6173071e+003       -5.2044102e+003
2021-12-24/12:04:29.496697        2.1660570e+004        2.3216516e+003       -1.4252611e+004
2021-12-24/12:04:29.596697        1.9131633e+004       -1.6174506e+003       -2.2622438e+004
2021-12-24/12:04:29.696697        1.6318152e+004       -6.0152964e+003       -2.9909090e+004
2021-12-24/12:04:29.796698        1.3354929e+004       -1.0656445e+004       -3.5771527e+004
2021-12-24/12:04:29.896697        1.0396101e+004       -1.5299604e+004       -3.9954430e+004
2021-12-24/12:04:29.996697        7.6004966e+003       -1.9705207e+004       -4.2316055e+004
2021-12-24/12:04:30.096697        5.1237197e+003       -2.3641148e+004       -4.2781199e+004
2021-12-24/12:04:30.196697        3.0982253e+003       -2.6907217e+004       -4.1309941e+004
2021-12-24/12:04:30.296698        1.6139762e+003       -2.9356625e+004       -3.7914969e+004
2021-12-24/12:04:30.396697        7.1375641e+002       -3.0888832e+004       -3.2699961e+004
2021-12-24/12:04:30.496697        4.4943408e+002       -3.1452998e+004       -2.5897330e+004
2021-12-24/12:04:30.596697        8.0782239e+002       -3.1033607e+004       -1.7850600e+004
2021-12-24/12:04:30.696697        1.7783718e+003       -2.9643590e+004       -8.9831338e+003
2021-12-24/12:04:30.796698        3.3048188e+003       -2.7339246e+004        2.4518372e+002
2021-12-24/12:04:30.896697        5.3364673e+003       -2.4215654e+004        9.3757061e+003
2021-12-24/12:04:30.996697        7.7842329e+003       -2.0417020e+004        1.7939574e+004
2021-12-24/12:04:31.096697        1.0538226e+004       -1.6119713e+004        2.5504139e+004
2021-12-24/12:04:31.196697        1.3472438e+004       -1.1531705e+004        3.1707621e+004
2021-12-24/12:04:31.296698        1.6438006e+004       -6.8845239e+003        3.6278297e+004
2021-12-24/12:04:31.396697        1.9279910e+004       -2.4188870e+003        3.9041004e+004
2021-12-24/12:04:31.496697        2.1841670e+004        1.6339677e+003        3.9918684e+004
2021-12-24/12:04:31.596697        2.3984379e+004        5.0585996e+003        3.8881625e+004
2021-12-24/12:04:31.696697        2.5601084e+004        7.7024775e+003        3.5905996e+004
2021-12-24/12:04:31.796698        2.6631705e+004        9.4501260e+003        3.1071025e+004
2021-12-24/12:04:31.896682        2.7045863e+004        1.0239848e+004        2.4589883e+004
2021-12-24/12:04:31.996683        2.6833408e+004        1.0043366e+004        1.6785164e+004
2021-12-24/12:04:32.096683        2.6009086e+004        8.8679268e+003        8.0591299e+003
2021-12-24/12:04:32.196682        2.4606596e+004        6.7594883e+003       -1.1326692e+003
2021-12-24/12:04:32.296682        2.2685131e+004        3.8004937e+003       -1.0319207e+004
2021-12-24/12:04:32.396682        2.0321467e+004        1.2595152e+002       -1.9026055e+004
2021-12-24/12:04:32.496683        1.7624910e+004       -4.0900630e+003       -2.6811895e+004
2021-12-24/12:04:32.596683        1.4717072e+004       -8.6461846e+003       -3.3322688e+004
2021-12-24/12:04:32.696682        1.1746815e+004       -1.3312612e+004       -3.8259785e+004
2021-12-24/12:04:32.796682        8.8709180e+003       -1.7849201e+004       -4.1426980e+004
2021-12-24/12:04:32.896682        6.2446904e+003       -2.2013510e+004       -4.2729266e+004
2021-12-24/12:04:32.996683        4.0134817e+003       -2.5591248e+004       -4.2120211e+004
2021-12-24/12:04:33.096683        2.2895259e+003       -2.8410637e+004       -3.9571664e+004
2021-12-24/12:04:33.196682        1.1358260e+003       -3.0352182e+004       -3.5140250e+004
2021-12-24/12:04:33.296682        6.0395789e+002       -3.1343779e+004       -2.9009807e+004
2021-12-24/12:04:33.396682        6.9157690e+002       -3.1353258e+004       -2.1479594e+004
2021-12-24/12:04:33.496683        1.3778773e+003       -3.0383779e+004       -1.2930271e+004
2021-12-24/12:04:33.596683        2.6628591e+003       -2.8474406e+004       -3.8105803e+003
2021-12-24/12:04:33.696682        4.4794160e+003       -2.5698967e+004        5.3988589e+003
2021-12-24/12:04:33.796682        6.7537017e+003       -2.2175520e+004        1.4250541e+004
2021-12-24/12:04:33.896682        9.3831523e+003       -1.8075270e+004        2.2286441e+004
2021-12-24/12:04:33.996683        1.2246449e+004       -1.3589524e+004        2.9114449e+004
2021-12-24/12:04:34.096683        1.5206742e+004       -8.9460771e+003        3.4417969e+004
2021-12-24/12:04:34.196682        1.8113115e+004       -4.3773159e+003        3.7983770e+004
2021-12-24/12:04:34.296682        2.0806742e+004       -1.2798026e+002        3.9693016e+004
