2021-12-24/12:01:19.096679        3.5171986e-012        4.4912193e+004        1.1309126e+004
2021-12-24/12:01:19.196680       -3.3964189e-012        4.4911099e+004        1.1312327e+004
2021-12-24/12:01:19.296679       -1.2078024e-013        4.4910001e+004        1.1315526e+004
2021-12-24/12:01:19.396682       -3.5173029e-012        4.4908903e+004        1.1318725e+004
2021-12-24/12:01:19.496683       -1.2066748e-013        4.4907791e+004        1.1321923e+004
2021-12-24/12:01:19.596683        0.0000000e+000        4.4906697e+004        1.1325122e+004
2021-12-24/12:01:19.696682        3.5173029e-012        4.4905586e+004        1.1328319e+004
2021-12-24/12:01:19.796682        3.6379788e-012        4.4904477e+004        1.1331516e+004
2021-12-24/12:01:19.896682        1.2067587e-013        4.4903367e+004        1.1334712e+004
2021-12-24/12:01:19.996683        0.0000000e+000        4.4902570e+004        1.1337651e+004
2021-12-24/12:01:20.096683       -3.5173113e-012        4.4901482e+004        1.1340841e+004
2021-12-24/12:01:20.196682       -1.2067587e-013        4.4900376e+004        1.1344040e+004
2021-12-24/12:01:20.296682        0.0000000e+000        4.4899272e+004        1.1347238e+004
2021-12-24/12:01:20.396682        0.0000000e+000        4.4898167e+004        1.1350436e+004
2021-12-24/12:01:20.496683        0.0000000e+000        4.4897065e+004        1.1353633e+004
2021-12-24/12:01:20.596683        3.5173113e-012        4.4895954e+004        1.1356830e+004
2021-12-24/12:01:20.696682        1.2067587e-013        4.4894839e+004        1.1360018e+004
2021-12-24/12:01:20.796682        0.0000000e+000        4.4893725e+004        1.1363214e+004
2021-12-24/12:01:20.896682        0.0000000e+000        4.4892608e+004        1.1366409e+004
2021-12-24/12:01:20.996683        3.5173113e-012        4.4891797e+004        1.1369345e+004
2021-12-24/12:01:21.096683        1.2066748e-013        4.4890712e+004        1.1372535e+004
2021-12-24/12:01:21.196682       -3.5173029e-012        4.4889600e+004        1.1375732e+004
2021-12-24/12:01:21.296682       -3.6379788e-012        4.4888495e+004        1.1378929e+004
2021-12-24/12:01:21.396682       -1.2067587e-013        4.4887383e+004        1.1382126e+004
2021-12-24/12:01:21.496683        3.5173113e-012        4.4886265e+004        1.1385321e+004
2021-12-24/12:01:21.596683        3.6379788e-012        4.4885152e+004        1.1388517e+004
2021-12-24/12:01:21.696682        1.2067587e-013        4.4884029e+004        1.1391711e+004
2021-12-24/12:01:21.796682       -3.5173027e-012        4.4882909e+004        1.1394905e+004
2021-12-24/12:01:21.896697       -3.6379788e-012        4.4881779e+004        1.1398099e+004
2021-12-24/12:01:21.996697       -1.2012972e-013        4.4880978e+004        1.1401034e+004
2021-12-24/12:01:22.096697       -3.5178491e-012        4.4879873e+004        1.1404222e+004
2021-12-24/12:01:22.196697       -3.6379788e-012        4.4878765e+004        1.1407418e+004
2021-12-24/12:01:22.296698        3.3977367e-012        4.4877654e+004        1.1410614e+004
2021-12-24/12:01:22.396697       -3.3977199e-012        4.4876526e+004        1.1413808e+004
2021-12-24/12:01:22.496697       -3.6379788e-012        4.4875406e+004        1.1417003e+004
2021-12-24/12:01:22.596697       -1.2012972e-013        4.4874283e+004        1.1420196e+004
2021-12-24/12:01:22.696697       -3.5178494e-012        4.4873159e+004        1.1423390e+004
2021-12-24/12:01:22.796698        3.3977367e-012        4.4872037e+004        1.1426583e+004
2021-12-24/12:01:22.896697        7.1558282e-012        4.4870907e+004        1.1429775e+004
2021-12-24/12:01:22.996697        2.4025943e-013        4.4870092e+004        1.1432708e+004
2021-12-24/12:01:23.096697       -3.5178491e-012        4.4868980e+004        1.1435894e+004
2021-12-24/12:01:23.196697       -3.6379788e-012        4.4867867e+004        1.1439089e+004
2021-12-24/12:01:23.296698       -1.2012104e-013        4.4866746e+004        1.1442284e+004
2021-12-24/12:01:23.396697        0.0000000e+000        4.4865626e+004        1.1445476e+004
2021-12-24/12:01:23.496697        0.0000000e+000        4.4864501e+004        1.1448669e+004
2021-12-24/12:01:23.596697        0.0000000e+000        4.4863368e+004        1.1451861e+004
2021-12-24/12:01:23.696697        3.5178494e-012        4.4862243e+004        1.1455054e+004
2021-12-24/12:01:23.796698        3.6379788e-012        4.4861112e+004        1.1458245e+004
2021-12-24/12:01:23.896697        1.2012943e-013        4.4859966e+004        1.1461435e+004
2021-12-24/12:01:23.996697        0.0000000e+000        4.4859157e+004        1.1464368e+004
2021-12-24/12:01:24.096697        0.0000000e+000        4.4858038e+004        1.1467552e+004
2021-12-24/12:01:24.196697        0.0000000e+000        4.4856912e+004        1.1470745e+004
2021-12-24/12:01:24.296698        7.0357155e-012        4.4855790e+004        1.1473939e+004
2021-12-24/12:01:24.396682        2.4135173e-013        4.4854655e+004        1.1477130e+004
2021-12-24/12:01:24.496683        0.0000000e+000        4.4853527e+004        1.1480322e+004
2021-12-24/12:01:24.596683        0.0000000e+000        4.4852392e+004        1.1483512e+004
2021-12-24/12:01:24.696682        0.0000000e+000        4.4851246e+004        1.1486702e+004
2021-12-24/12:01:24.796682        3.5173027e-012        4.4850116e+004        1.1489893e+004
2021-12-24/12:01:24.896682        7.1552817e-012        4.4848969e+004        1.1493081e+004
2021-12-24/12:01:24.996683        2.4133496e-013        4.4848149e+004        1.1496011e+004
2021-12-24/12:01:25.096683        0.0000000e+000        4.4847035e+004        1.1499196e+004
2021-12-24/12:01:25.196682        3.5173029e-012        4.4845904e+004        1.1502388e+004
2021-12-24/12:01:25.296682        3.6379788e-012        4.4844771e+004        1.1505579e+004
2021-12-24/12:01:25.396682        1.2067587e-013        4.4843630e+004        1.1508770e+004
2021-12-24/12:01:25.496683        0.0000000e+000        4.4842487e+004        1.1511960e+004
2021-12-24/12:01:25.596683        3.5173113e-012        4.4841346e+004        1.1515150e+004
2021-12-24/12:01:25.696682       -3.3966271e-012        4.4840209e+004        1.1518339e+004
2021-12-24/12:01:25.796682       -1.2067615e-013        4.4839060e+004        1.1521527e+004
2021-12-24/12:01:25.896682        3.5173029e-012        4.4837912e+004        1.1524715e+004
2021-12-24/12:01:25.996683       -3.3966438e-012        4.4837091e+004        1.1527643e+004
2021-12-24/12:01:26.096683       -1.2066748e-013        4.4835972e+004        1.1530825e+004
2021-12-24/12:01:26.196682       -3.5173029e-012        4.4834825e+004        1.1534014e+004
2021-12-24/12:01:26.296682        3.3966265e-012        4.4833685e+004        1.1537204e+004
2021-12-24/12:01:26.396682        1.2067587e-013        4.4832543e+004        1.1540394e+004
2021-12-24/12:01:26.496683        0.0000000e+000        4.4831398e+004        1.1543582e+004
2021-12-24/12:01:26.596683        0.0000000e+000        4.4830262e+004        1.1546771e+004
2021-12-24/12:01:26.696682        0.0000000e+000        4.4829109e+004        1.1549959e+004
2021-12-24/12:01:26.796682        3.5173027e-012        4.4827962e+004        1.1553146e+004
2021-12-24/12:01:26.896682        1.2067587e-013        4.4826799e+004        1.1556331e+004
2021-12-24/12:01:26.996683        0.0000000e+000        4.4825969e+004        1.1559258e+004
2021-12-24/12:01:27.096683        3.5173113e-012        4.4824839e+004        1.1562439e+004
2021-12-24/12:01:27.196682        3.6379788e-012        4.4823696e+004        1.1565628e+004
2021-12-24/12:01:27.296682        1.2067615e-013        4.4822552e+004        1.1568817e+004
2021-12-24/12:01:27.396682        0.0000000e+000        4.4821404e+004        1.1572005e+004
2021-12-24/12:01:27.496683        3.5173113e-012        4.4820254e+004        1.1575193e+004
2021-12-24/12:01:27.596683        1.2066748e-013        4.4819102e+004        1.1578380e+004
2021-12-24/12:01:27.696682        0.0000000e+000        4.4817943e+004        1.1581566e+004
2021-12-24/12:01:27.796682        0.0000000e+000        4.4816786e+004        1.1584751e+004
2021-12-24/12:01:27.896682       -3.5173029e-012        4.4815627e+004        1.1587937e+004
2021-12-24/12:01:27.996683       -1.2066748e-013        4.4814794e+004        1.1590862e+004
2021-12-24/12:01:28.096683        3.5173113e-012        4.4813656e+004        1.1594041e+004
2021-12-24/12:01:28.196682        1.2067587e-013        4.4812512e+004        1.1597229e+004
2021-12-24/12:01:28.296682       -3.5173027e-012        4.4811355e+004        1.1600415e+004
2021-12-24/12:01:28.396682       -3.6379788e-012        4.4810200e+004        1.1603601e+004
2021-12-24/12:01:28.496683        3.3966438e-012        4.4809043e+004        1.1606787e+004
2021-12-24/12:01:28.596683       -3.3966438e-012        4.4807885e+004        1.1609972e+004
2021-12-24/12:01:28.696682       -1.2067587e-013        4.4806726e+004        1.1613157e+004
2021-12-24/12:01:28.796682        0.0000000e+000        4.4805558e+004        1.1616340e+004
2021-12-24/12:01:28.896682        0.0000000e+000        4.4804392e+004        1.1619523e+004
2021-12-24/12:01:28.996683        0.0000000e+000        4.4803552e+004        1.1622447e+004
2021-12-24/12:01:29.096683        3.5173113e-012        4.4802415e+004        1.1625625e+004
2021-12-24/12:01:29.196682       -3.3966271e-012        4.4801250e+004        1.1628810e+004
2021-12-24/12:01:29.296682       -1.2067615e-013        4.4800087e+004        1.1631995e+004
2021-12-24/12:01:29.396682        0.0000000e+000        4.4798937e+004        1.1635182e+004
2021-12-24/12:01:29.496683        0.0000000e+000        4.4797776e+004        1.1638366e+004
2021-12-24/12:01:29.596683        3.5173113e-012        4.4796611e+004        1.1641550e+004
2021-12-24/12:01:29.696682        1.2067587e-013        4.4795444e+004        1.1644733e+004
2021-12-24/12:01:29.796682       -3.5173027e-012        4.4794275e+004        1.1647916e+004
2021-12-24/12:01:29.896682       -1.2067587e-013        4.4793099e+004        1.1651098e+004
2021-12-24/12:01:29.996683        0.0000000e+000        4.4792255e+004        1.1654019e+004
2021-12-24/12:01:30.096683        3.5173113e-012        4.4791111e+004        1.1657196e+004
2021-12-24/12:01:30.196682       -3.3966271e-012        4.4789944e+004        1.1660379e+004
2021-12-24/12:01:30.296682       -1.2067615e-013        4.4788778e+004        1.1663563e+004
2021-12-24/12:01:30.396682       -3.5173029e-012        4.4787611e+004        1.1666746e+004
2021-12-24/12:01:30.496683       -1.2066748e-013        4.4786437e+004        1.1669928e+004
2021-12-24/12:01:30.596683        3.5173113e-012        4.4785271e+004        1.1673110e+004
2021-12-24/12:01:30.696682        3.6379788e-012        4.4784091e+004        1.1676291e+004
2021-12-24/12:01:30.796682        1.2067615e-013        4.4782910e+004        1.1679471e+004
2021-12-24/12:01:30.896682        0.0000000e+000        4.4781737e+004        1.1682651e+004
2021-12-24/12:01:30.996683       -3.5173113e-012        4.4780893e+004        1.1685571e+004
2021-12-24/12:01:31.096683       -1.2066748e-013        4.4779738e+004        1.1688746e+004
2021-12-24/12:01:31.196682        3.5173029e-012        4.4778570e+004        1.1691929e+004
2021-12-24/12:01:31.296682        3.6379788e-012        4.4777400e+004        1.1695111e+004
2021-12-24/12:01:31.396682        1.2067587e-013        4.4776221e+004        1.1698290e+004
2021-12-24/12:01:31.496683        0.0000000e+000        4.4775046e+004        1.1701471e+004
2021-12-24/12:01:31.596683        0.0000000e+000        4.4773869e+004        1.1704651e+004
2021-12-24/12:01:31.696682        0.0000000e+000        4.4772690e+004        1.1707831e+004
2021-12-24/12:01:31.796682        0.0000000e+000        4.4771508e+004        1.1711011e+004
2021-12-24/12:01:31.896682        3.5173029e-012        4.4770328e+004        1.1714190e+004
2021-12-24/12:01:31.996683        1.2066748e-013        4.4769465e+004        1.1717107e+004
2021-12-24/12:01:32.096683        3.5173113e-012        4.4768304e+004        1.1720280e+004
2021-12-24/12:01:32.196682       -3.3966271e-012        4.4767129e+004        1.1723461e+004
2021-12-24/12:01:32.296682        3.3966265e-012        4.4765947e+004        1.1726641e+004
2021-12-24/12:01:32.396682        1.2067587e-013        4.4764773e+004        1.1729822e+004
2021-12-24/12:01:32.496683        0.0000000e+000        4.4763588e+004        1.1733001e+004
2021-12-24/12:01:32.596683        0.0000000e+000        4.4762404e+004        1.1736179e+004
2021-12-24/12:01:32.696682        0.0000000e+000        4.4761223e+004        1.1739358e+004
2021-12-24/12:01:32.796682       -3.5173027e-012        4.4760025e+004        1.1742535e+004
2021-12-24/12:01:32.896682       -1.2067587e-013        4.4758844e+004        1.1745713e+004
2021-12-24/12:01:32.996683       -7.0346227e-012        4.4757986e+004        1.1748629e+004
2021-12-24/12:01:33.096683        3.2759764e-012        4.4756819e+004        1.1751800e+004
2021-12-24/12:01:33.196682        3.6379788e-012        4.4755632e+004        1.1754979e+004
2021-12-24/12:01:33.296682       -3.3966265e-012        4.4754455e+004        1.1758159e+004
2021-12-24/12:01:33.396682        3.3966271e-012        4.4753270e+004        1.1761337e+004
2021-12-24/12:01:33.496683       -3.3966438e-012        4.4752077e+004        1.1764514e+004
2021-12-24/12:01:33.596683        3.3966438e-012        4.4750892e+004        1.1767692e+004
2021-12-24/12:01:33.696682        1.2067587e-013        4.4749690e+004        1.1770867e+004
2021-12-24/12:01:33.796682        0.0000000e+000        4.4748501e+004        1.1774044e+004
2021-12-24/12:01:33.896682        0.0000000e+000        4.4747304e+004        1.1777219e+004
2021-12-24/12:01:33.996683       -3.5173113e-012        4.4746435e+004        1.1780133e+004
2021-12-24/12:01:34.096683       -1.2066748e-013        4.4745270e+004        1.1783301e+004
2021-12-24/12:01:34.196682       -3.5173029e-012        4.4744083e+004        1.1786479e+004
2021-12-24/12:01:34.296682        3.3966265e-012        4.4742884e+004        1.1789655e+004
2021-12-24/12:01:39.396697       -3.3977199e-012        4.4682932e+004        1.1950062e+004
2021-12-24/12:01:39.496697       -1.2012972e-013        4.4681706e+004        1.1953229e+004
2021-12-24/12:01:39.596697        0.0000000e+000        4.4680473e+004        1.1956395e+004
2021-12-24/12:01:39.696697       -3.5178494e-012        4.4679237e+004        1.1959560e+004
2021-12-24/12:01:39.796698       -1.2012104e-013        4.4678009e+004        1.1962726e+004
2021-12-24/12:01:39.896697        0.0000000e+000        4.4676769e+004        1.1965890e+004
2021-12-24/12:01:39.996697        0.0000000e+000        4.4675880e+004        1.1968792e+004
2021-12-24/12:01:40.096697        0.0000000e+000        4.4674669e+004        1.1971951e+004
2021-12-24/12:01:40.196697       -3.5178494e-012        4.4673444e+004        1.1975119e+004
2021-12-24/12:01:40.296698       -3.6379788e-012        4.4672218e+004        1.1978286e+004
2021-12-24/12:01:40.396697       -3.6379788e-012        4.4670983e+004        1.1981452e+004
2021-12-24/12:01:40.496697       -1.2012972e-013        4.4669747e+004        1.1984617e+004
2021-12-24/12:01:40.596697        0.0000000e+000        4.4668518e+004        1.1987782e+004
2021-12-24/12:01:40.696697       -3.5178494e-012        4.4667281e+004        1.1990947e+004
2021-12-24/12:01:40.796698       -1.2012104e-013        4.4666043e+004        1.1994110e+004
2021-12-24/12:01:40.896697        0.0000000e+000        4.4664803e+004        1.1997273e+004
2021-12-24/12:01:40.996697       -3.5178491e-012        4.4663904e+004        1.2000174e+004
2021-12-24/12:01:41.096697       -3.6379788e-012        4.4662681e+004        1.2003330e+004
2021-12-24/12:01:41.196697       -1.2012943e-013        4.4661449e+004        1.2006495e+004
2021-12-24/12:01:41.296698       -3.5178578e-012        4.4660214e+004        1.2009660e+004
2021-12-24/12:01:41.396697       -3.6379788e-012        4.4658983e+004        1.2012825e+004
2021-12-24/12:01:41.496697       -1.2012972e-013        4.4657745e+004        1.2015988e+004
2021-12-24/12:01:41.596697        3.5178491e-012        4.4656504e+004        1.2019151e+004
2021-12-24/12:01:41.696697        3.6379788e-012        4.4655249e+004        1.2022312e+004
2021-12-24/12:01:41.796698        1.2012104e-013        4.4654008e+004        1.2025474e+004
2021-12-24/12:01:41.896697        0.0000000e+000        4.4652761e+004        1.2028635e+004
2021-12-24/12:01:41.996697        3.5178491e-012        4.4651852e+004        1.2031532e+004
2021-12-24/12:01:42.096697        1.2012972e-013        4.4650636e+004        1.2034685e+004
2021-12-24/12:01:42.196697        0.0000000e+000        4.4649394e+004        1.2037848e+004
2021-12-24/12:01:42.296698       -3.5178578e-012        4.4648158e+004        1.2041012e+004
2021-12-24/12:01:42.396697        3.3977199e-012        4.4646912e+004        1.2044174e+004
2021-12-24/12:01:42.496697        3.6379788e-012        4.4645672e+004        1.2047336e+004
2021-12-24/12:01:42.596697        3.6379788e-012        4.4644420e+004        1.2050496e+004
2021-12-24/12:01:42.696697        1.2012943e-013        4.4643171e+004        1.2053657e+004
2021-12-24/12:01:42.796698        0.0000000e+000        4.4641915e+004        1.2056816e+004
2021-12-24/12:01:42.896697        0.0000000e+000        4.4640666e+004        1.2059976e+004
2021-12-24/12:01:42.996697        0.0000000e+000        4.4639757e+004        1.2062871e+004
2021-12-24/12:01:43.096697        0.0000000e+000        4.4638527e+004        1.2066025e+004
2021-12-24/12:01:43.196697        3.5178494e-012        4.4637283e+004        1.2069187e+004
2021-12-24/12:01:43.296698        1.2012104e-013        4.4636031e+004        1.2072347e+004
2021-12-24/12:01:43.396697        3.5178494e-012        4.4634783e+004        1.2075508e+004
2021-12-24/12:01:43.496697        3.6379788e-012        4.4633537e+004        1.2078669e+004
2021-12-24/12:01:43.596697        1.2012972e-013        4.4632278e+004        1.2081827e+004
2021-12-24/12:01:43.696697       -3.5178494e-012        4.4631023e+004        1.2084986e+004
2021-12-24/12:01:43.796698       -3.6379788e-012        4.4629770e+004        1.2088145e+004
2021-12-24/12:01:43.896697       -1.2012943e-013        4.4628505e+004        1.2091301e+004
2021-12-24/12:01:43.996697        0.0000000e+000        4.4627591e+004        1.2094195e+004
2021-12-24/12:01:44.096697        3.5178491e-012        4.4626344e+004        1.2097345e+004
2021-12-24/12:01:44.196697        3.6379788e-012        4.4625103e+004        1.2100506e+004
2021-12-24/12:01:44.296698        1.2012104e-013        4.4623846e+004        1.2103665e+004
2021-12-24/12:01:44.396697        0.0000000e+000        4.4622591e+004        1.2106824e+004
2021-12-24/12:01:44.496697        3.5178491e-012        4.4621333e+004        1.2109981e+004
2021-12-24/12:01:44.596697       -3.3977194e-012        4.4620073e+004        1.2113139e+004
2021-12-24/12:01:44.696697       -1.2012943e-013        4.4618816e+004        1.2116296e+004
2021-12-24/12:01:44.796698        3.5178578e-012        4.4617545e+004        1.2119446e+004
2021-12-24/12:01:44.896697       -3.3977199e-012        4.4616283e+004        1.2122602e+004
2021-12-24/12:01:44.996697       -3.6379788e-012        4.4615364e+004        1.2125493e+004
2021-12-24/12:01:45.096697       -1.2012972e-013        4.4614115e+004        1.2128642e+004
2021-12-24/12:01:45.196697        0.0000000e+000        4.4612857e+004        1.2131799e+004
2021-12-24/12:01:45.296698        0.0000000e+000        4.4611608e+004        1.2134958e+004
2021-12-24/12:01:45.396697       -3.5178494e-012        4.4610346e+004        1.2138114e+004
2021-12-24/12:01:45.496697       -1.2012972e-013        4.4609075e+004        1.2141269e+004
2021-12-24/12:01:45.596697        0.0000000e+000        4.4607803e+004        1.2144423e+004
2021-12-24/12:01:45.696697        3.5178494e-012        4.4606534e+004        1.2147577e+004
2021-12-24/12:01:45.796698        1.2012104e-013        4.4605267e+004        1.2150732e+004
2021-12-24/12:01:45.896697       -3.5178494e-012        4.4603983e+004        1.2153883e+004
2021-12-24/12:01:45.996697        3.3977194e-012        4.4603058e+004        1.2156772e+004
2021-12-24/12:01:46.096697       -3.3977194e-012        4.4601808e+004        1.2159920e+004
2021-12-24/12:01:46.196697       -3.6379788e-012        4.4600554e+004        1.2163077e+004
2021-12-24/12:01:46.296698        3.3977367e-012        4.4599274e+004        1.2166230e+004
2021-12-24/12:01:46.396697        7.1558282e-012        4.4598005e+004        1.2169385e+004
2021-12-24/12:01:46.496697        2.4025943e-013        4.4596744e+004        1.2172540e+004
2021-12-24/12:01:46.596697        0.0000000e+000        4.4595467e+004        1.2175693e+004
2021-12-24/12:01:46.696697       -3.5178494e-012        4.4594197e+004        1.2178846e+004
2021-12-24/12:01:46.796698       -1.2012104e-013        4.4592914e+004        1.2181997e+004
2021-12-24/12:01:49.396682        3.3966271e-012        4.4560670e+004        1.2263086e+004
2021-12-24/12:01:49.496683        1.2066748e-013        4.4559380e+004        1.2266234e+004
2021-12-24/12:01:49.596683        3.5173113e-012        4.4558088e+004        1.2269381e+004
2021-12-24/12:01:49.696682        1.2067587e-013        4.4556792e+004        1.2272527e+004
2021-12-24/12:01:49.796682        3.5173027e-012        4.4555495e+004        1.2275673e+004
2021-12-24/12:01:49.896682        3.6379788e-012        4.4554197e+004        1.2278818e+004
2021-12-24/12:01:49.996683       -3.3966438e-012        4.4553257e+004        1.2281699e+004
2021-12-24/12:01:50.096683       -1.2066748e-013        4.4551970e+004        1.2284833e+004
2021-12-24/12:01:50.196682        3.5173029e-012        4.4550684e+004        1.2287981e+004
2021-12-24/12:01:50.296682        1.2067615e-013        4.4549392e+004        1.2291128e+004
2021-12-24/12:01:50.396682       -3.5173029e-012        4.4548096e+004        1.2294274e+004
2021-12-24/12:01:50.496683       -3.6379788e-012        4.4546793e+004        1.2297419e+004
2021-12-24/12:01:50.596683       -1.2066748e-013        4.4545493e+004        1.2300563e+004
2021-12-24/12:01:50.696682        0.0000000e+000        4.4544186e+004        1.2303707e+004
2021-12-24/12:01:50.796682        3.5173027e-012        4.4542881e+004        1.2306850e+004
2021-12-24/12:01:50.896682        1.2067587e-013        4.4541580e+004        1.2309993e+004
2021-12-24/12:01:50.996683        0.0000000e+000        4.4540624e+004        1.2312870e+004
2021-12-24/12:01:51.096683        3.5173113e-012        4.4539342e+004        1.2316007e+004
2021-12-24/12:01:51.196682        1.2067587e-013        4.4538046e+004        1.2319153e+004
2021-12-24/12:01:51.296682       -3.5173027e-012        4.4536747e+004        1.2322297e+004
2021-12-24/12:01:51.396682       -3.6379788e-012        4.4535451e+004        1.2325442e+004
2021-12-24/12:01:51.496683       -1.2066748e-013        4.4534143e+004        1.2328585e+004
2021-12-24/12:01:51.596683        3.5173113e-012        4.4532838e+004        1.2331728e+004
2021-12-24/12:01:51.696682        1.2067587e-013        4.4531524e+004        1.2334869e+004
2021-12-24/12:01:51.796682        0.0000000e+000        4.4530219e+004        1.2338011e+004
2021-12-24/12:01:51.896682        0.0000000e+000        4.4528907e+004        1.2341152e+004
2021-12-24/12:01:51.996683        0.0000000e+000        4.4527946e+004        1.2344026e+004
2021-12-24/12:01:52.096683        3.5173113e-012        4.4526663e+004        1.2347162e+004
2021-12-24/12:01:52.196682        1.2067587e-013        4.4525360e+004        1.2350306e+004
2021-12-24/12:01:52.296682        0.0000000e+000        4.4524049e+004        1.2353447e+004
2021-12-24/12:01:52.396682        3.5173029e-012        4.4522741e+004        1.2356589e+004
2021-12-24/12:01:52.496683        3.6379788e-012        4.4521426e+004        1.2359730e+004
2021-12-24/12:01:52.596683        1.2066748e-013        4.4520118e+004        1.2362871e+004
2021-12-24/12:01:52.696682       -3.5173029e-012        4.4518799e+004        1.2366011e+004
2021-12-24/12:01:52.796682        3.3966265e-012        4.4517491e+004        1.2369149e+004
2021-12-24/12:01:52.896682        1.2067587e-013        4.4516177e+004        1.2372288e+004
2021-12-24/12:01:52.996683       -3.5173113e-012        4.4515211e+004        1.2375161e+004
2021-12-24/12:01:53.096683       -1.2066748e-013        4.4513910e+004        1.2378293e+004
2021-12-24/12:01:53.196682        3.5173029e-012        4.4512600e+004        1.2381434e+004
2021-12-24/12:01:53.296682       -3.3966265e-012        4.4511292e+004        1.2384574e+004
2021-12-24/12:01:53.396682       -1.2067587e-013        4.4509977e+004        1.2387714e+004
2021-12-24/12:01:53.496683        0.0000000e+000        4.4508660e+004        1.2390853e+004
2021-12-24/12:01:53.596683        0.0000000e+000        4.4507340e+004        1.2393991e+004
2021-12-24/12:01:53.696682        0.0000000e+000        4.4506019e+004        1.2397128e+004
2021-12-24/12:01:53.796682        3.5173027e-012        4.4504689e+004        1.2400264e+004
2021-12-24/12:01:53.896682        1.2067587e-013        4.4503352e+004        1.2403399e+004
2021-12-24/12:01:53.996683        0.0000000e+000        4.4502391e+004        1.2406270e+004
2021-12-24/12:01:54.096683        3.5173113e-012        4.4501094e+004        1.2409401e+004
2021-12-24/12:01:54.196682        3.6379788e-012        4.4499779e+004        1.2412540e+004
2021-12-24/12:01:54.296682        1.2067615e-013        4.4498455e+004        1.2415678e+004
2021-12-24/12:01:54.396682        0.0000000e+000        4.4497139e+004        1.2418816e+004
2021-12-24/12:01:54.496683       -3.5173113e-012        4.4495806e+004        1.2421952e+004
2021-12-24/12:01:54.596683       -1.2066748e-013        4.4494480e+004        1.2425088e+004
2021-12-24/12:01:54.696682        0.0000000e+000        4.4493158e+004        1.2428224e+004
2021-12-24/12:01:54.796682        0.0000000e+000        4.4491827e+004        1.2431359e+004
2021-12-24/12:01:54.896682        0.0000000e+000        4.4490495e+004        1.2434493e+004
2021-12-24/12:01:54.996683       -3.5173113e-012        4.4489524e+004        1.2437361e+004
2021-12-24/12:01:55.096683        3.3966438e-012        4.4488210e+004        1.2440488e+004
2021-12-24/12:01:55.196682        1.2067587e-013        4.4486896e+004        1.2443626e+004
2021-12-24/12:01:55.296682        3.5173027e-012        4.4485565e+004        1.2446761e+004
2021-12-24/12:01:55.396682        1.2067587e-013        4.4484233e+004        1.2449896e+004
2021-12-24/12:01:55.496683        0.0000000e+000        4.4482905e+004        1.2453028e+004
2021-12-24/12:01:55.596683        3.5173113e-012        4.4481578e+004        1.2456163e+004
2021-12-24/12:01:55.696682        1.2067587e-013        4.4480238e+004        1.2459295e+004
2021-12-24/12:01:55.796682        0.0000000e+000        4.4478905e+004        1.2462428e+004
2021-12-24/12:01:55.896682        3.5173029e-012        4.4477560e+004        1.2465559e+004
2021-12-24/12:01:55.996683        1.2066748e-013        4.4476578e+004        1.2468423e+004
2021-12-24/12:01:56.096683       -3.5173113e-012        4.4475268e+004        1.2471550e+004
2021-12-24/12:01:56.196682       -3.6379788e-012        4.4473934e+004        1.2474684e+004
2021-12-24/12:01:56.296682       -1.2067615e-013        4.4472602e+004        1.2477818e+004
2021-12-24/12:01:56.396682        0.0000000e+000        4.4471268e+004        1.2480951e+004
2021-12-24/12:01:56.496683       -3.5173113e-012        4.4469937e+004        1.2484084e+004
2021-12-24/12:01:56.596683       -3.6379788e-012        4.4468593e+004        1.2487215e+004
2021-12-24/12:01:56.696682        3.3966271e-012        4.4467247e+004        1.2490345e+004
2021-12-24/12:01:56.796682        1.2067615e-013        4.4465904e+004        1.2493476e+004
2021-12-24/12:01:56.896682        3.5173029e-012        4.4464558e+004        1.2496605e+004
2021-12-24/12:01:56.996683       -3.3966438e-012        4.4463586e+004        1.2499470e+004
2021-12-24/12:01:57.096683       -3.6379788e-012        4.4462255e+004        1.2502592e+004
2021-12-24/12:01:57.196682       -1.2067587e-013        4.4460918e+004        1.2505724e+004
2021-12-24/12:01:57.296682        3.5173027e-012        4.4459583e+004        1.2508856e+004
2021-12-24/12:01:57.396682        1.2067587e-013        4.4458237e+004        1.2511986e+004
2021-12-24/12:01:57.496683        3.5173113e-012        4.4456893e+004        1.2515116e+004
2021-12-24/12:01:57.596683        1.2066748e-013        4.4455552e+004        1.2518246e+004
2021-12-24/12:01:57.696682        0.0000000e+000        4.4454194e+004        1.2521372e+004
2021-12-24/12:01:57.796682        0.0000000e+000        4.4452847e+004        1.2524501e+004
2021-12-24/12:01:57.896682        0.0000000e+000        4.4451489e+004        1.2527627e+004
2021-12-24/12:01:57.996683       -3.5173113e-012        4.4450507e+004        1.2530489e+004
2021-12-24/12:01:58.096683       -1.2066748e-013        4.4449178e+004        1.2533607e+004
2021-12-24/12:01:58.196682        0.0000000e+000        4.4447829e+004        1.2536735e+004
2021-12-24/12:01:58.296682        0.0000000e+000        4.4446483e+004        1.2539864e+004
2021-12-24/12:01:58.396682       -3.5173029e-012        4.4445135e+004        1.2542992e+004
2021-12-24/12:01:58.496683       -1.2066748e-013        4.4443784e+004        1.2546120e+004
2021-12-24/12:01:58.596683        0.0000000e+000        4.4442426e+004        1.2549246e+004
2021-12-24/12:01:58.696682        0.0000000e+000        4.4441076e+004        1.2552372e+004
2021-12-24/12:01:58.796682        0.0000000e+000        4.4439723e+004        1.2555498e+004
2021-12-24/12:01:58.896682       -3.5173029e-012        4.4438358e+004        1.2558622e+004
2021-12-24/12:01:58.996683        3.3966438e-012        4.4437361e+004        1.2561480e+004
2021-12-24/12:01:59.096683        1.2066748e-013        4.4436025e+004        1.2564598e+004
2021-12-24/12:01:59.196682        0.0000000e+000        4.4434675e+004        1.2567725e+004
2021-12-24/12:01:59.296682        3.5173027e-012        4.4433322e+004        1.2570852e+004
2021-12-24/12:01:59.396682        3.6379788e-012        4.4431973e+004        1.2573979e+004
2021-12-24/12:01:59.496683       -3.3966438e-012        4.4430616e+004        1.2577104e+004
2021-12-24/12:01:59.596683       -1.2066748e-013        4.4429257e+004        1.2580228e+004
2021-12-24/12:01:59.696682        0.0000000e+000        4.4427885e+004        1.2583350e+004
2021-12-24/12:01:59.796682        0.0000000e+000        4.4426525e+004        1.2586474e+004
2021-12-24/12:01:59.896682        3.5173029e-012        4.4425160e+004        1.2589596e+004
2021-12-24/12:01:59.996683       -6.9139552e-012        4.4424162e+004        1.2592452e+004
2021-12-24/12:02:00.096683        3.2759764e-012        4.4422819e+004        1.2595568e+004
2021-12-24/12:02:00.196682        1.2067587e-013        4.4421463e+004        1.2598693e+004
2021-12-24/12:02:00.296682        3.5173027e-012        4.4420104e+004        1.2601818e+004
2021-12-24/12:02:00.396682        3.6379788e-012        4.4418742e+004        1.2604941e+004
2021-12-24/12:02:00.496683        1.2066748e-013        4.4417367e+004        1.2608062e+004
2021-12-24/12:02:00.596683        3.5173113e-012        4.4416006e+004        1.2611185e+004
2021-12-24/12:02:00.696682        1.2067587e-013        4.4414638e+004        1.2614306e+004
2021-12-24/12:02:00.796682        0.0000000e+000        4.4413271e+004        1.2617425e+004
2021-12-24/12:02:00.896682        0.0000000e+000        4.4411898e+004        1.2620545e+004
2021-12-24/12:02:00.996683        0.0000000e+000        4.4410895e+004        1.2623398e+004
2021-12-24/12:02:01.096683        0.0000000e+000        4.4409540e+004        1.2626511e+004
2021-12-24/12:02:01.196682       -7.0346059e-012        4.4408177e+004        1.2629634e+004
2021-12-24/12:02:01.296682        3.2759503e-012        4.4406811e+004        1.2632756e+004
2021-12-24/12:02:01.396682       -3.3966271e-012        4.4405438e+004        1.2635876e+004
2021-12-24/12:02:01.496683       -1.2066748e-013        4.4404073e+004        1.2638997e+004
2021-12-24/12:02:01.596683        3.5173113e-012        4.4402695e+004        1.2642116e+004
2021-12-24/12:02:01.696682       -3.3966271e-012        4.4401330e+004        1.2645237e+004
2021-12-24/12:02:01.796682       -1.2067615e-013        4.4399948e+004        1.2648354e+004
2021-12-24/12:02:01.896697        3.5178494e-012        4.4398557e+004        1.2651470e+004
2021-12-24/12:02:01.996697       -3.3977194e-012        4.4397553e+004        1.2654322e+004
2021-12-24/12:02:02.096697       -3.6379788e-012        4.4396198e+004        1.2657433e+004
2021-12-24/12:02:02.196697       -1.2012943e-013        4.4394834e+004        1.2660554e+004
2021-12-24/12:02:02.296698        0.0000000e+000        4.4393461e+004        1.2663674e+004
2021-12-24/12:02:02.396697        0.0000000e+000        4.4392086e+004        1.2666792e+004
2021-12-24/12:02:02.496697        0.0000000e+000        4.4390704e+004        1.2669909e+004
2021-12-24/12:02:02.596697        3.5178491e-012        4.4389324e+004        1.2673027e+004
2021-12-24/12:02:02.696697       -3.3977199e-012        4.4387947e+004        1.2676144e+004
2021-12-24/12:02:02.796698       -1.2012104e-013        4.4386558e+004        1.2679258e+004
2021-12-24/12:02:02.896697        0.0000000e+000        4.4385171e+004        1.2682373e+004
2021-12-24/12:02:02.996697        0.0000000e+000        4.4384157e+004        1.2685221e+004
2021-12-24/12:02:03.096697        3.5178491e-012        4.4382790e+004        1.2688330e+004
2021-12-24/12:02:03.196697       -3.3977199e-012        4.4381419e+004        1.2691448e+004
2021-12-24/12:02:03.296698       -1.2012104e-013        4.4380039e+004        1.2694565e+004
2021-12-24/12:02:03.396697       -3.5178494e-012        4.4378653e+004        1.2697681e+004
2021-12-24/12:02:03.496697       -1.2012972e-013        4.4377277e+004        1.2700787e+004
2021-12-24/12:02:03.596697       -3.5178491e-012        4.4375891e+004        1.2703901e+004
2021-12-24/12:02:03.696697       -3.6379788e-012        4.4374498e+004        1.2707014e+004
2021-12-24/12:02:03.796698       -1.2012104e-013        4.4373111e+004        1.2710128e+004
2021-12-24/12:02:03.896697        3.5178494e-012        4.4371713e+004        1.2713240e+004
2021-12-24/12:02:03.996697        3.6379788e-012        4.4370699e+004        1.2716086e+004
2021-12-24/12:02:04.096697        1.2012972e-013        4.4369335e+004        1.2719194e+004
2021-12-24/12:02:04.196697        0.0000000e+000        4.4367936e+004        1.2722306e+004
2021-12-24/12:02:04.296698        0.0000000e+000        4.4366553e+004        1.2725421e+004
2021-12-24/12:02:06.896682        1.2067587e-013        4.4330930e+004        1.2805720e+004
2021-12-24/12:02:06.996683        0.0000000e+000        4.4329899e+004        1.2808558e+004
2021-12-24/12:02:07.096683        3.5173113e-012        4.4328504e+004        1.2811656e+004
2021-12-24/12:02:07.196682        3.6379788e-012        4.4327095e+004        1.2814762e+004
2021-12-24/12:02:07.296682        1.2067615e-013        4.4325688e+004        1.2817869e+004
2021-12-24/12:02:07.396682        0.0000000e+000        4.4324279e+004        1.2820975e+004
2021-12-24/12:02:07.496683        0.0000000e+000        4.4322867e+004        1.2824080e+004
2021-12-24/12:02:07.596683        0.0000000e+000        4.4321453e+004        1.2827184e+004
2021-12-24/12:02:07.696682        0.0000000e+000        4.4320037e+004        1.2830288e+004
2021-12-24/12:02:07.796682        0.0000000e+000        4.4318623e+004        1.2833391e+004
2021-12-24/12:02:07.896682        0.0000000e+000        4.4317192e+004        1.2836492e+004
2021-12-24/12:02:07.996683        3.5173113e-012        4.4316146e+004        1.2839325e+004
2021-12-24/12:02:08.096683        1.2066748e-013        4.4314755e+004        1.2842422e+004
2021-12-24/12:02:08.196682       -3.5173029e-012        4.4313343e+004        1.2845527e+004
2021-12-24/12:02:08.296682       -1.2067615e-013        4.4311935e+004        1.2848632e+004
2021-12-24/12:02:08.396682        0.0000000e+000        4.4310514e+004        1.2851734e+004
2021-12-24/12:02:08.496683        0.0000000e+000        4.4309096e+004        1.2854837e+004
2021-12-24/12:02:08.596683       -3.5173113e-012        4.4307675e+004        1.2857938e+004
2021-12-24/12:02:08.696682       -3.6379788e-012        4.4306247e+004        1.2861038e+004
2021-12-24/12:02:08.796682       -7.1552815e-012        4.4304830e+004        1.2864135e+004
2021-12-24/12:02:08.896682        3.2759512e-012        4.4303403e+004        1.2867234e+004
2021-12-24/12:02:08.996683        1.2066748e-013        4.4302351e+004        1.2870065e+004
2021-12-24/12:02:09.096683        3.5173113e-012        4.4300947e+004        1.2873158e+004
2021-12-24/12:02:09.196682        3.6379788e-012        4.4299529e+004        1.2876260e+004
2021-12-24/12:02:09.296682        1.2067615e-013        4.4298108e+004        1.2879361e+004
2021-12-24/12:02:09.396682       -3.5173029e-012        4.4296680e+004        1.2882460e+004
2021-12-24/12:02:09.496683        3.3966438e-012        4.4295254e+004        1.2885560e+004
2021-12-24/12:02:09.596683        1.2066748e-013        4.4293826e+004        1.2888658e+004
2021-12-24/12:02:09.696682        3.5173029e-012        4.4292401e+004        1.2891757e+004
2021-12-24/12:02:09.796682        1.2067615e-013        4.4290963e+004        1.2894853e+004
2021-12-24/12:02:09.896682        3.5173029e-012        4.4289533e+004        1.2897951e+004
2021-12-24/12:02:09.996683        3.6379788e-012        4.4288481e+004        1.2900779e+004
2021-12-24/12:02:10.096683        1.2066748e-013        4.4287071e+004        1.2903870e+004
2021-12-24/12:02:10.196682        3.5173029e-012        4.4285641e+004        1.2906969e+004
2021-12-24/12:02:10.296682       -3.3966265e-012        4.4284215e+004        1.2910068e+004
2021-12-24/12:02:10.396682       -1.2067587e-013        4.4282785e+004        1.2913166e+004
2021-12-24/12:02:10.496683        3.5173113e-012        4.4281353e+004        1.2916263e+004
2021-12-24/12:02:10.596683        3.6379788e-012        4.4279914e+004        1.2919358e+004
2021-12-24/12:02:10.696682        3.6379788e-012        4.4278488e+004        1.2922456e+004
2021-12-24/12:02:10.796682       -3.3966265e-012        4.4277039e+004        1.2925549e+004
2021-12-24/12:02:10.896682        3.3966271e-012        4.4275598e+004        1.2928643e+004
2021-12-24/12:02:10.996683        7.1552901e-012        4.4274540e+004        1.2931469e+004
2021-12-24/12:02:11.096683        2.4133496e-013        4.4273123e+004        1.2934557e+004
2021-12-24/12:02:11.196682        3.5173029e-012        4.4271691e+004        1.2937654e+004
2021-12-24/12:02:11.296682        1.2067615e-013        4.4270256e+004        1.2940750e+004
2021-12-24/12:02:11.396682        3.5173029e-012        4.4268819e+004        1.2943845e+004
2021-12-24/12:02:11.496683        1.2066748e-013        4.4267384e+004        1.2946937e+004
2021-12-24/12:02:11.596683       -3.5173113e-012        4.4265948e+004        1.2950032e+004
2021-12-24/12:02:11.696682       -1.2067587e-013        4.4264499e+004        1.2953124e+004
2021-12-24/12:02:11.796682       -3.5173027e-012        4.4263053e+004        1.2956216e+004
2021-12-24/12:02:24.396697        0.0000000e+000        4.4081028e+004        1.3340026e+004
2021-12-24/12:02:24.496697        3.5178491e-012        4.4079503e+004        1.3343083e+004
2021-12-24/12:02:24.596697        1.2012972e-013        4.4077977e+004        1.3346140e+004
2021-12-24/12:02:24.696697        0.0000000e+000        4.4076437e+004        1.3349193e+004
2021-12-24/12:02:24.796698        0.0000000e+000        4.4074900e+004        1.3352247e+004
2021-12-24/12:02:24.896697        3.5178494e-012        4.4073365e+004        1.3355298e+004
2021-12-24/12:02:24.996697        3.6379788e-012        4.4072234e+004        1.3358082e+004
2021-12-24/12:02:25.096697       -3.3977194e-012        4.4070710e+004        1.3361127e+004
2021-12-24/12:02:25.196697       -3.6379788e-012        4.4069180e+004        1.3364183e+004
2021-12-24/12:02:25.296698       -1.2012104e-013        4.4067648e+004        1.3367238e+004
2021-12-24/12:02:25.396697        0.0000000e+000        4.4066114e+004        1.3370291e+004
2021-12-24/12:02:25.496697        0.0000000e+000        4.4064577e+004        1.3373345e+004
2021-12-24/12:02:25.596697        7.0356982e-012        4.4063044e+004        1.3376398e+004
2021-12-24/12:02:25.696697        3.7581082e-012        4.4061502e+004        1.3379449e+004
2021-12-24/12:02:25.796698        1.2012104e-013        4.4059959e+004        1.3382500e+004
2021-12-24/12:02:25.896697        0.0000000e+000        4.4058402e+004        1.3385548e+004
2021-12-24/12:02:25.996697       -3.5178491e-012        4.4057265e+004        1.3388329e+004
2021-12-24/12:02:26.096697        3.3977194e-012        4.4055744e+004        1.3391373e+004
2021-12-24/12:02:26.196697        1.2012943e-013        4.4054212e+004        1.3394426e+004
2021-12-24/12:02:26.296698       -3.5178578e-012        4.4052662e+004        1.3397475e+004
2021-12-24/12:02:26.396697       -1.2012943e-013        4.4051120e+004        1.3400526e+004
2021-12-24/12:02:26.496697        0.0000000e+000        4.4049586e+004        1.3403577e+004
2021-12-24/12:02:26.596697        3.5178491e-012        4.4048029e+004        1.3406624e+004
2021-12-24/12:02:26.696697       -3.3977199e-012        4.4046474e+004        1.3409671e+004
2021-12-24/12:02:26.796698       -1.2012104e-013        4.4044922e+004        1.3412718e+004
2021-12-24/12:02:26.896682       -3.5173029e-012        4.4043373e+004        1.3415765e+004
2021-12-24/12:02:26.996683        3.3966438e-012        4.4042220e+004        1.3418540e+004
2021-12-24/12:02:27.096683       -3.3966438e-012        4.4040692e+004        1.3421581e+004
2021-12-24/12:02:27.196682       -7.1552817e-012        4.4039152e+004        1.3424631e+004
2021-12-24/12:02:27.296682       -2.4135231e-013        4.4037595e+004        1.3427676e+004
2021-12-24/12:02:27.396682        3.5173029e-012        4.4036055e+004        1.3430726e+004
2021-12-24/12:02:27.496683        1.2066748e-013        4.4034499e+004        1.3433771e+004
2021-12-24/12:02:27.596683        3.5173113e-012        4.4032954e+004        1.3436816e+004
2021-12-24/12:02:27.696682        1.2067587e-013        4.4031403e+004        1.3439861e+004
2021-12-24/12:02:27.796682        3.5173027e-012        4.4029839e+004        1.3442904e+004
2021-12-24/12:02:27.896682        3.6379788e-012        4.4028277e+004        1.3445947e+004
2021-12-24/12:02:27.996683        1.2066748e-013        4.4027128e+004        1.3448721e+004
2021-12-24/12:02:28.096683        3.5173113e-012        4.4025583e+004        1.3451756e+004
2021-12-24/12:02:28.196682        3.6379788e-012        4.4024032e+004        1.3454802e+004
2021-12-24/12:02:28.296682       -3.3966265e-012        4.4022484e+004        1.3457849e+004
2021-12-24/12:02:28.396682        3.3966271e-012        4.4020923e+004        1.3460892e+004
2021-12-24/12:02:28.496683        3.6379788e-012        4.4019365e+004        1.3463935e+004
2021-12-24/12:02:28.596683        3.6379788e-012        4.4017804e+004        1.3466978e+004
2021-12-24/12:02:28.696682        7.1552817e-012        4.4016241e+004        1.3470020e+004
2021-12-24/12:02:28.796682        2.4135231e-013        4.4014682e+004        1.3473062e+004
2021-12-24/12:02:28.896682        3.5173029e-012        4.4013103e+004        1.3476100e+004
2021-12-24/12:02:28.996683        1.2066748e-013        4.4011949e+004        1.3478871e+004
2021-12-24/12:02:29.096683        0.0000000e+000        4.4010408e+004        1.3481905e+004
2021-12-24/12:02:29.196682       -3.5173029e-012        4.4008844e+004        1.3484947e+004
2021-12-24/12:02:29.296682       -3.6379788e-012        4.4007288e+004        1.3487989e+004
2021-12-24/12:02:29.396682       -1.2067587e-013        4.4005725e+004        1.3491030e+004
2021-12-24/12:02:29.496683        0.0000000e+000        4.4004159e+004        1.3494070e+004
2021-12-24/12:02:29.596683        0.0000000e+000        4.4002587e+004        1.3497108e+004
2021-12-24/12:02:29.696682       -3.5173029e-012        4.4001011e+004        1.3500145e+004
2021-12-24/12:02:29.796682       -1.2067615e-013        4.3999442e+004        1.3503184e+004
2021-12-24/12:02:29.896682       -3.5173029e-012        4.3997867e+004        1.3506220e+004
2021-12-24/12:02:29.996683        3.3966438e-012        4.3996697e+004        1.3508986e+004
2021-12-24/12:02:30.096683        3.6379788e-012        4.3995148e+004        1.3512016e+004
2021-12-24/12:02:30.196682        1.2067587e-013        4.3993590e+004        1.3515054e+004
2021-12-24/12:02:30.296682        3.5173027e-012        4.3992017e+004        1.3518091e+004
2021-12-24/12:02:30.396682        3.6379788e-012        4.3990446e+004        1.3521128e+004
2021-12-24/12:02:30.496683        7.1552901e-012        4.3988873e+004        1.3524164e+004
2021-12-24/12:02:30.596683        2.4133496e-013        4.3987298e+004        1.3527200e+004
2021-12-24/12:02:30.696682        3.5173029e-012        4.3985719e+004        1.3530234e+004
2021-12-24/12:02:30.796682       -3.3966265e-012        4.3984139e+004        1.3533268e+004
2021-12-24/12:02:30.896682       -3.6379788e-012        4.3982556e+004        1.3536301e+004
2021-12-24/12:02:30.996683        3.3966438e-012        4.3981385e+004        1.3539064e+004
2021-12-24/12:02:31.096683        1.2066748e-013        4.3979825e+004        1.3542091e+004
2021-12-24/12:02:31.196682        3.5173029e-012        4.3978252e+004        1.3545127e+004
2021-12-24/12:02:31.296682        1.2067615e-013        4.3976677e+004        1.3548162e+004
2021-12-24/12:02:31.396682        0.0000000e+000        4.3975095e+004        1.3551196e+004
2021-12-24/12:02:31.496683        0.0000000e+000        4.3973521e+004        1.3554230e+004
2021-12-24/12:02:31.596683        3.5173113e-012        4.3971940e+004        1.3557263e+004
2021-12-24/12:02:31.696682        1.2067587e-013        4.3970361e+004        1.3560296e+004
2021-12-24/12:02:31.796682        3.5173027e-012        4.3968774e+004        1.3563327e+004
2021-12-24/12:02:31.896682        3.6379788e-012        4.3967175e+004        1.3566355e+004
2021-12-24/12:02:31.996683        1.2066748e-013        4.3965999e+004        1.3569115e+004
2021-12-24/12:02:32.096683        0.0000000e+000        4.3964435e+004        1.3572139e+004
2021-12-24/12:02:32.196682        0.0000000e+000        4.3962854e+004        1.3575171e+004
2021-12-24/12:02:32.296682        3.5173027e-012        4.3961272e+004        1.3578203e+004
2021-12-24/12:02:32.396682        3.6379788e-012        4.3959691e+004        1.3581234e+004
2021-12-24/12:02:32.496683        1.2066748e-013        4.3958093e+004        1.3584262e+004
2021-12-24/12:02:32.596683        3.5173113e-012        4.3956509e+004        1.3587292e+004
2021-12-24/12:02:32.696682        1.2067587e-013        4.3954916e+004        1.3590319e+004
2021-12-24/12:02:32.796682        0.0000000e+000        4.3953311e+004        1.3593344e+004
2021-12-24/12:02:32.896682        0.0000000e+000        4.3951724e+004        1.3596373e+004
2021-12-24/12:02:32.996683       -3.5173113e-012        4.3950537e+004        1.3599128e+004
2021-12-24/12:02:33.096683        3.3966438e-012        4.3948971e+004        1.3602150e+004
2021-12-24/12:02:33.196682       -3.3966271e-012        4.3947384e+004        1.3605179e+004
2021-12-24/12:02:33.296682       -1.2067615e-013        4.3945785e+004        1.3608205e+004
2021-12-24/12:02:33.396682        0.0000000e+000        4.3944199e+004        1.3611234e+004
2021-12-24/12:02:33.496683        0.0000000e+000        4.3942605e+004        1.3614261e+004
2021-12-24/12:02:33.596683        0.0000000e+000        4.3941010e+004        1.3617287e+004
2021-12-24/12:02:33.696682        3.5173029e-012        4.3939410e+004        1.3620312e+004
2021-12-24/12:02:33.796682       -3.3966265e-012        4.3937810e+004        1.3623336e+004
2021-12-24/12:02:33.896682       -1.2067587e-013        4.3936207e+004        1.3626359e+004
2021-12-24/12:02:33.996683        3.5173113e-012        4.3935009e+004        1.3629110e+004
2021-12-24/12:02:34.096683       -3.3966438e-012        4.3933441e+004        1.3632129e+004
2021-12-24/12:02:34.196682       -3.6379788e-012        4.3931837e+004        1.3635153e+004
2021-12-24/12:02:34.296682        6.9139292e-012        4.3930245e+004        1.3638179e+004
2021-12-24/12:02:34.396682        2.4135173e-013        4.3928646e+004        1.3641203e+004
2021-12-24/12:02:34.496683        0.0000000e+000        4.3927040e+004        1.3644225e+004
2021-12-24/12:02:34.596683        0.0000000e+000        4.3925446e+004        1.3647250e+004
2021-12-24/12:02:34.696682       -3.5173029e-012        4.3923835e+004        1.3650270e+004
2021-12-24/12:02:34.796682       -1.2067615e-013        4.3922216e+004        1.3653288e+004
2021-12-24/12:02:34.896682        0.0000000e+000        4.3920610e+004        1.3656309e+004
2021-12-24/12:02:34.996683        3.5173113e-012        4.3919416e+004        1.3659058e+004
2021-12-24/12:02:35.096683        1.2066748e-013        4.3917826e+004        1.3662071e+004
2021-12-24/12:02:35.196682       -3.5173029e-012        4.3916224e+004        1.3665093e+004
2021-12-24/12:02:35.296682       -1.2067615e-013        4.3914630e+004        1.3668117e+004
2021-12-24/12:02:35.396682        0.0000000e+000        4.3913019e+004        1.3671136e+004
2021-12-24/12:02:35.496683        3.5173113e-012        4.3911410e+004        1.3674156e+004
2021-12-24/12:02:35.596683        3.6379788e-012        4.3909803e+004        1.3677169e+004
2021-12-24/12:02:35.696682        1.2067587e-013        4.3908184e+004        1.3680186e+004
2021-12-24/12:02:35.796682        0.0000000e+000        4.3906574e+004        1.3683204e+004
2021-12-24/12:02:35.896682        3.5173029e-012        4.3904951e+004        1.3686219e+004
2021-12-24/12:02:35.996683        1.2066748e-013        4.3903750e+004        1.3688964e+004
2021-12-24/12:02:36.096683        3.5173113e-012        4.3902163e+004        1.3691976e+004
2021-12-24/12:02:36.196682        1.2067587e-013        4.3900556e+004        1.3694995e+004
2021-12-24/12:02:36.296682        0.0000000e+000        4.3898935e+004        1.3698011e+004
2021-12-24/12:02:36.396682        0.0000000e+000        4.3897328e+004        1.3701030e+004
2021-12-24/12:02:36.496683        0.0000000e+000        4.3895713e+004        1.3704046e+004
2021-12-24/12:02:36.596683        3.5173113e-012        4.3894090e+004        1.3707061e+004
2021-12-24/12:02:36.696682        3.6379788e-012        4.3892475e+004        1.3710077e+004
2021-12-24/12:02:36.796682        1.2067615e-013        4.3890848e+004        1.3713089e+004
2021-12-24/12:02:41.896697       -3.6379788e-012        4.3809512e+004        1.3864969e+004
2021-12-24/12:02:41.996697       -1.2012972e-013        4.3808277e+004        1.3867693e+004
2021-12-24/12:02:42.096697        0.0000000e+000        4.3806642e+004        1.3870681e+004
2021-12-24/12:02:42.196697       -3.5178494e-012        4.3804985e+004        1.3873677e+004
2021-12-24/12:02:42.296698       -1.2012104e-013        4.3803330e+004        1.3876674e+004
2021-12-24/12:02:42.396697       -3.5178494e-012        4.3801673e+004        1.3879669e+004
2021-12-24/12:02:42.496697       -1.2012972e-013        4.3800009e+004        1.3882662e+004
2021-12-24/12:02:42.596697        0.0000000e+000        4.3798353e+004        1.3885657e+004
2021-12-24/12:02:42.696697        0.0000000e+000        4.3796689e+004        1.3888650e+004
2021-12-24/12:02:42.796698        3.5178578e-012        4.3795023e+004        1.3891642e+004
2021-12-24/12:02:42.896697       -3.3977199e-012        4.3793359e+004        1.3894634e+004
2021-12-24/12:02:42.996697       -1.2012972e-013        4.3792103e+004        1.3897351e+004
2021-12-24/12:02:43.096697        7.0356982e-012        4.3790471e+004        1.3900338e+004
2021-12-24/12:02:43.196697        2.4025886e-013        4.3788812e+004        1.3903332e+004
2021-12-24/12:02:43.296698        0.0000000e+000        4.3787146e+004        1.3906324e+004
2021-12-24/12:02:43.396697        0.0000000e+000        4.3785482e+004        1.3909316e+004
2021-12-24/12:02:43.496697       -7.0356982e-012        4.3783816e+004        1.3912307e+004
2021-12-24/12:02:43.596697       -3.7581085e-012        4.3782146e+004        1.3915299e+004
2021-12-24/12:02:43.696697       -1.2012943e-013        4.3780475e+004        1.3918289e+004
2021-12-24/12:02:43.796698        0.0000000e+000        4.3778807e+004        1.3921278e+004
2021-12-24/12:02:43.896697        0.0000000e+000        4.3777122e+004        1.3924263e+004
2021-12-24/12:02:43.996697        3.5178491e-012        4.3775880e+004        1.3926981e+004
2021-12-24/12:02:44.096697       -6.9155685e-012        4.3774236e+004        1.3929964e+004
2021-12-24/12:02:44.196697       -2.4025886e-013        4.3772564e+004        1.3932952e+004
2021-12-24/12:02:44.296698       -3.5178578e-012        4.3770900e+004        1.3935942e+004
2021-12-24/12:02:44.396697       -3.6379788e-012        4.3769229e+004        1.3938930e+004
2021-12-24/12:02:44.496697       -1.2012972e-013        4.3767550e+004        1.3941916e+004
2021-12-24/12:02:44.596697       -3.5178491e-012        4.3765874e+004        1.3944902e+004
2021-12-24/12:02:44.696697       -7.1558282e-012        4.3764196e+004        1.3947887e+004
2021-12-24/12:02:44.796698       -3.7580998e-012        4.3762514e+004        1.3950872e+004
2021-12-24/12:02:44.896697       -1.2012943e-013        4.3760832e+004        1.3953855e+004
2021-12-24/12:02:44.996697       -3.5178491e-012        4.3759579e+004        1.3956568e+004
2021-12-24/12:02:45.096697       -1.2012972e-013        4.3757917e+004        1.3959544e+004
2021-12-24/12:02:45.196697        0.0000000e+000        4.3756249e+004        1.3962532e+004
2021-12-24/12:02:45.296698       -3.5178578e-012        4.3754563e+004        1.3965515e+004
2021-12-24/12:02:45.396697       -1.2012943e-013        4.3752885e+004        1.3968499e+004
2021-12-24/12:02:45.496697        0.0000000e+000        4.3751205e+004        1.3971482e+004
2021-12-24/12:02:45.596697        0.0000000e+000        4.3749528e+004        1.3974466e+004
2021-12-24/12:02:45.696697       -3.5178494e-012        4.3747837e+004        1.3977447e+004
2021-12-24/12:02:45.796698        3.3977367e-012        4.3746149e+004        1.3980427e+004
2021-12-24/12:02:45.896697       -3.3977199e-012        4.3744460e+004        1.3983407e+004
2021-12-24/12:02:45.996697       -1.2012972e-013        4.3743212e+004        1.3986118e+004
2021-12-24/12:02:46.096697        0.0000000e+000        4.3741538e+004        1.3989090e+004
2021-12-24/12:02:46.196697        0.0000000e+000        4.3739852e+004        1.3992071e+004
2021-12-24/12:02:46.296698        0.0000000e+000        4.3738182e+004        1.3995053e+004
2021-12-24/12:02:46.396697        3.5178494e-012        4.3736492e+004        1.3998033e+004
2021-12-24/12:02:46.496697        3.6379788e-012        4.3734809e+004        1.4001014e+004
2021-12-24/12:02:46.596697       -3.3977194e-012        4.3733119e+004        1.4003992e+004
2021-12-24/12:02:46.696697        3.3977199e-012        4.3731421e+004        1.4006969e+004
2021-12-24/12:02:46.796698       -3.3977367e-012        4.3729725e+004        1.4009945e+004
2021-12-24/12:02:46.896682       -1.2067587e-013        4.3728018e+004        1.4012918e+004
2021-12-24/12:02:46.996683        0.0000000e+000        4.3726758e+004        1.4015624e+004
2021-12-24/12:02:47.096683        0.0000000e+000        4.3725087e+004        1.4018595e+004
2021-12-24/12:02:47.196682        7.0346059e-012        4.3723400e+004        1.4021573e+004
2021-12-24/12:02:47.296682        1.0793260e-011        4.3721709e+004        1.4024551e+004
2021-12-24/12:02:47.396682       -3.1552753e-012        4.3720021e+004        1.4027529e+004
2021-12-24/12:02:47.496683       -3.6379788e-012        4.3718316e+004        1.4030503e+004
2021-12-24/12:02:47.596683       -3.6379788e-012        4.3716619e+004        1.4033478e+004
2021-12-24/12:02:47.696682        3.3966271e-012        4.3714924e+004        1.4036453e+004
2021-12-24/12:02:47.796682       -3.3966265e-012        4.3713216e+004        1.4039425e+004
2021-12-24/12:02:47.896682       -3.6379788e-012        4.3711517e+004        1.4042398e+004
2021-12-24/12:02:47.996683       -1.2066748e-013        4.3710247e+004        1.4045100e+004
2021-12-24/12:02:48.096683       -3.5173113e-012        4.3708564e+004        1.4048065e+004
2021-12-24/12:02:48.196682       -1.2067587e-013        4.3706874e+004        1.4051041e+004
2021-12-24/12:02:48.296682        3.5173027e-012        4.3705171e+004        1.4054013e+004
2021-12-24/12:02:48.396682        3.6379788e-012        4.3703466e+004        1.4056985e+004
2021-12-24/12:02:48.496683        1.2066748e-013        4.3701764e+004        1.4059957e+004
2021-12-24/12:02:48.596683        3.5173113e-012        4.3700059e+004        1.4062927e+004
2021-12-24/12:02:48.696682        1.2067587e-013        4.3698352e+004        1.4065898e+004
2021-12-24/12:02:48.796682        3.5173027e-012        4.3696642e+004        1.4068867e+004
2021-12-24/12:02:48.896682       -6.9139300e-012        4.3694936e+004        1.4071836e+004
2021-12-24/12:02:48.996683       -2.4133496e-013        4.3693655e+004        1.4074530e+004
2021-12-24/12:02:49.096683       -7.0346227e-012        4.3691969e+004        1.4077492e+004
2021-12-24/12:02:49.196682       -3.7586547e-012        4.3690277e+004        1.4080465e+004
2021-12-24/12:02:49.296682       -7.1552815e-012        4.3688568e+004        1.4083434e+004
2021-12-24/12:03:04.396697        0.0000000e+000        4.3429055e+004        1.4522822e+004
2021-12-24/12:03:04.496697       -3.5178491e-012        4.3427236e+004        1.4525729e+004
2021-12-24/12:03:04.596697       -1.2012972e-013        4.3425404e+004        1.4528631e+004
2021-12-24/12:03:04.696697       -3.5178494e-012        4.3423585e+004        1.4531536e+004
2021-12-24/12:03:04.796698       -1.2012104e-013        4.3421759e+004        1.4534439e+004
2021-12-24/12:03:04.896697        0.0000000e+000        4.3419930e+004        1.4537341e+004
2021-12-24/12:03:04.996697       -3.5178491e-012        4.3418559e+004        1.4539970e+004
2021-12-24/12:03:05.096697       -3.6379788e-012        4.3416757e+004        1.4542866e+004
2021-12-24/12:03:05.196697        3.3977199e-012        4.3414943e+004        1.4545772e+004
2021-12-24/12:03:05.296698       -3.3977367e-012        4.3413116e+004        1.4548674e+004
2021-12-24/12:03:05.396697       -1.2012943e-013        4.3411292e+004        1.4551576e+004
2021-12-24/12:03:05.496697        0.0000000e+000        4.3409465e+004        1.4554478e+004
2021-12-24/12:03:05.596697        3.5178491e-012        4.3407636e+004        1.4557378e+004
2021-12-24/12:03:05.696697        1.2012943e-013        4.3405799e+004        1.4560276e+004
2021-12-24/12:03:05.796698        0.0000000e+000        4.3403970e+004        1.4563176e+004
2021-12-24/12:03:05.896697        0.0000000e+000        4.3402129e+004        1.4566072e+004
2021-12-24/12:03:05.996697        0.0000000e+000        4.3400752e+004        1.4568699e+004
2021-12-24/12:03:06.096697        3.5178491e-012        4.3398939e+004        1.4571589e+004
2021-12-24/12:03:06.196697        1.2012943e-013        4.3397113e+004        1.4574490e+004
2021-12-24/12:03:06.296698        7.0357155e-012        4.3395289e+004        1.4577391e+004
2021-12-24/12:03:06.396697       -3.2775905e-012        4.3393453e+004        1.4580288e+004
2021-12-24/12:03:06.496697       -1.2012972e-013        4.3391620e+004        1.4583186e+004
2021-12-24/12:03:06.596697        0.0000000e+000        4.3389790e+004        1.4586084e+004
2021-12-24/12:03:06.696697       -3.5178494e-012        4.3387951e+004        1.4588979e+004
2021-12-24/12:03:06.796698       -1.2012104e-013        4.3386111e+004        1.4591873e+004
2021-12-24/12:03:06.896697        0.0000000e+000        4.3384263e+004        1.4594765e+004
2021-12-24/12:03:06.996697       -3.5178491e-012        4.3382881e+004        1.4597388e+004
2021-12-24/12:03:07.096697       -1.2012972e-013        4.3381070e+004        1.4600277e+004
2021-12-24/12:03:07.196697       -7.0356988e-012        4.3379231e+004        1.4603172e+004
2021-12-24/12:03:07.296698        3.2776157e-012        4.3377394e+004        1.4606067e+004
2021-12-24/12:03:07.396697        3.6379788e-012        4.3375555e+004        1.4608961e+004
2021-12-24/12:03:07.496697        1.2012972e-013        4.3373709e+004        1.4611852e+004
2021-12-24/12:03:07.596697       -3.5178491e-012        4.3371876e+004        1.4614747e+004
2021-12-24/12:03:07.696697        3.3977199e-012        4.3370029e+004        1.4617635e+004
2021-12-24/12:03:07.796698        3.6379788e-012        4.3368171e+004        1.4620522e+004
2021-12-24/12:03:07.896697        3.6379788e-012        4.3366330e+004        1.4623414e+004
2021-12-24/12:03:07.996697       -6.9155685e-012        4.3364942e+004        1.4626032e+004
2021-12-24/12:03:08.096697       -7.2759576e-012        4.3363114e+004        1.4628914e+004
2021-12-24/12:03:08.196697        3.2775905e-012        4.3361277e+004        1.4631807e+004
2021-12-24/12:03:08.296698        1.2012104e-013        4.3359429e+004        1.4634696e+004
2021-12-24/12:03:08.396697       -7.0356988e-012        4.3357578e+004        1.4637583e+004
2021-12-24/12:03:08.496697       -3.7581085e-012        4.3355734e+004        1.4640473e+004
2021-12-24/12:03:08.596697       -1.2012972e-013        4.3353884e+004        1.4643360e+004
2021-12-24/12:03:08.696697        0.0000000e+000        4.3352026e+004        1.4646245e+004
2021-12-24/12:03:08.796698        3.5178578e-012        4.3350175e+004        1.4649132e+004
2021-12-24/12:03:08.896697       -3.3977199e-012        4.3348312e+004        1.4652015e+004
2021-12-24/12:03:08.996697       -1.2012972e-013        4.3346918e+004        1.4654628e+004
2021-12-24/12:03:09.096697        0.0000000e+000        4.3345092e+004        1.4657509e+004
2021-12-24/12:03:09.196697        7.0356988e-012        4.3343235e+004        1.4660393e+004
2021-12-24/12:03:09.296698        7.2759576e-012        4.3341383e+004        1.4663279e+004
2021-12-24/12:03:09.396682        3.7586547e-012        4.3339531e+004        1.4666164e+004
2021-12-24/12:03:09.496683        3.6379788e-012        4.3337676e+004        1.4669048e+004
2021-12-24/12:03:09.596683       -6.9139552e-012        4.3335822e+004        1.4671932e+004
2021-12-24/12:03:09.696682       -3.7586547e-012        4.3333957e+004        1.4674813e+004
2021-12-24/12:03:09.796682       -7.1552815e-012        4.3332094e+004        1.4677694e+004
2021-12-24/12:03:09.896682       -2.4135173e-013        4.3330229e+004        1.4680574e+004
2021-12-24/12:03:09.996683        3.5173113e-012        4.3328830e+004        1.4683183e+004
2021-12-24/12:03:10.096683        3.6379788e-012        4.3326997e+004        1.4686059e+004
2021-12-24/12:03:10.196682        1.2067587e-013        4.3325137e+004        1.4688940e+004
2021-12-24/12:03:10.296682        0.0000000e+000        4.3323279e+004        1.4691822e+004
2021-12-24/12:03:10.396682        0.0000000e+000        4.3321423e+004        1.4694700e+004
2021-12-24/12:03:10.496683        0.0000000e+000        4.3319551e+004        1.4697576e+004
2021-12-24/12:03:10.596683        3.5173113e-012        4.3317685e+004        1.4700455e+004
2021-12-24/12:03:10.696682        1.2067587e-013        4.3315817e+004        1.4703332e+004
2021-12-24/12:03:10.796682        3.5173027e-012        4.3313947e+004        1.4706208e+004
2021-12-24/12:03:10.896682        1.2067587e-013        4.3312075e+004        1.4709084e+004
2021-12-24/12:03:10.996683        7.0346227e-012        4.3310664e+004        1.4711687e+004
2021-12-24/12:03:11.096683        3.7586463e-012        4.3308825e+004        1.4714558e+004
2021-12-24/12:03:11.196682        1.2067587e-013        4.3306961e+004        1.4717436e+004
2021-12-24/12:03:11.296682        0.0000000e+000        4.3305096e+004        1.4720313e+004
2021-12-24/12:03:11.396682       -3.5173029e-012        4.3303223e+004        1.4723188e+004
2021-12-24/12:03:11.496683       -1.2066748e-013        4.3301352e+004        1.4726062e+004
2021-12-24/12:03:11.596683        3.5173113e-012        4.3299479e+004        1.4728936e+004
2021-12-24/12:03:11.696682        1.2067587e-013        4.3297605e+004        1.4731809e+004
2021-12-24/12:03:11.796682        0.0000000e+000        4.3295728e+004        1.4734681e+004
2021-12-24/12:03:11.896682        3.5173029e-012        4.3293847e+004        1.4737551e+004
2021-12-24/12:03:11.996683        3.6379788e-012        4.3292436e+004        1.4740152e+004
2021-12-24/12:03:12.096683        1.2066748e-013        4.3290578e+004        1.4743015e+004
2021-12-24/12:03:12.196682       -3.5173029e-012        4.3288707e+004        1.4745889e+004
2021-12-24/12:03:12.296682       -3.6379788e-012        4.3286835e+004        1.4748761e+004
2021-12-24/12:03:12.396682       -3.6379788e-012        4.3284959e+004        1.4751632e+004
2021-12-24/12:03:12.496683       -1.2066748e-013        4.3283081e+004        1.4754503e+004
2021-12-24/12:03:12.596683        0.0000000e+000        4.3281207e+004        1.4757373e+004
2021-12-24/12:03:12.696682        3.5173029e-012        4.3279324e+004        1.4760242e+004
2021-12-24/12:03:12.796682        1.2067615e-013        4.3277434e+004        1.4763107e+004
2021-12-24/12:03:12.896682       -3.5173029e-012        4.3275536e+004        1.4765970e+004
2021-12-24/12:03:12.996683        3.3966438e-012        4.3274129e+004        1.4768563e+004
2021-12-24/12:03:13.096683        1.2066748e-013        4.3272274e+004        1.4771425e+004
2021-12-24/12:03:13.196682       -3.5173029e-012        4.3270391e+004        1.4774292e+004
2021-12-24/12:03:13.296682       -3.6379788e-012        4.3268510e+004        1.4777159e+004
2021-12-24/12:03:13.396682        3.3966271e-012        4.3266622e+004        1.4780024e+004
2021-12-24/12:03:13.496683        1.2066748e-013        4.3264742e+004        1.4782891e+004
2021-12-24/12:03:13.596683        0.0000000e+000        4.3262855e+004        1.4785755e+004
2021-12-24/12:03:13.696682        0.0000000e+000        4.3260954e+004        1.4788615e+004
2021-12-24/12:03:13.796682       -7.0346053e-012        4.3259071e+004        1.4791480e+004
2021-12-24/12:03:13.896682       -3.7586547e-012        4.3257177e+004        1.4794342e+004
2021-12-24/12:03:13.996683       -1.2066748e-013        4.3255748e+004        1.4796931e+004
2021-12-24/12:03:14.096683        7.0346227e-012        4.3253886e+004        1.4799789e+004
2021-12-24/12:03:14.196682       -3.2759512e-012        4.3252001e+004        1.4802653e+004
2021-12-24/12:03:14.296682       -1.2067615e-013        4.3250104e+004        1.4805513e+004
2021-12-24/12:03:24.396697        3.5178494e-012        4.3060219e+004        1.5089285e+004
2021-12-24/12:03:24.496697        1.2012972e-013        4.3058253e+004        1.5092097e+004
2021-12-24/12:03:24.596697        3.5178491e-012        4.3056281e+004        1.5094908e+004
2021-12-24/12:03:24.696697       -3.3977199e-012        4.3054316e+004        1.5097720e+004
2021-12-24/12:03:24.796698        3.3977367e-012        4.3052343e+004        1.5100529e+004
2021-12-24/12:03:24.896697        3.6379788e-012        4.3050359e+004        1.5103335e+004
2021-12-24/12:03:24.996697       -6.9155685e-012        4.3048874e+004        1.5105875e+004
2021-12-24/12:03:25.096697       -3.7581085e-012        4.3046928e+004        1.5108678e+004
2021-12-24/12:03:25.196697        3.3977199e-012        4.3044963e+004        1.5111490e+004
2021-12-24/12:03:25.296698       -6.9155945e-012        4.3042995e+004        1.5114300e+004
2021-12-24/12:03:25.396697       -3.7581082e-012        4.3041026e+004        1.5117110e+004
2021-12-24/12:03:25.496697        3.3977194e-012        4.3039059e+004        1.5119919e+004
2021-12-24/12:03:25.596697        3.6379788e-012        4.3037074e+004        1.5122723e+004
2021-12-24/12:03:25.696697        1.2012943e-013        4.3035097e+004        1.5125529e+004
2021-12-24/12:03:25.796698       -3.5178578e-012        4.3033122e+004        1.5128335e+004
2021-12-24/12:03:25.896697        3.3977199e-012        4.3031141e+004        1.5131139e+004
2021-12-24/12:03:25.996697        1.2012972e-013        4.3029642e+004        1.5133672e+004
2021-12-24/12:03:26.096697       -3.5178491e-012        4.3027687e+004        1.5136470e+004
2021-12-24/12:03:26.196697       -1.2012943e-013        4.3025709e+004        1.5139274e+004
2021-12-24/12:03:26.296698       -3.5178578e-012        4.3023744e+004        1.5142083e+004
2021-12-24/12:03:26.396697       -1.2012943e-013        4.3021761e+004        1.5144879e+004
2021-12-24/12:03:26.496697        3.5178491e-012        4.3019781e+004        1.5147681e+004
2021-12-24/12:03:26.596697        1.2012972e-013        4.3017803e+004        1.5150485e+004
2021-12-24/12:03:26.696697        3.5178494e-012        4.3015818e+004        1.5153285e+004
2021-12-24/12:03:26.796698       -6.9155945e-012        4.3013825e+004        1.5156083e+004
2021-12-24/12:03:46.896697        3.5178494e-012        4.2610779e+004        1.5702872e+004
2021-12-24/12:03:46.996697        1.2012972e-013        4.2609166e+004        1.5705299e+004
2021-12-24/12:03:47.096697        0.0000000e+000        4.2607060e+004        1.5707985e+004
2021-12-24/12:03:47.196697        0.0000000e+000        4.2604925e+004        1.5710676e+004
2021-12-24/12:03:47.296698        3.5178578e-012        4.2602796e+004        1.5713369e+004
2021-12-24/12:03:47.396697        7.1558282e-012        4.2600671e+004        1.5716063e+004
2021-12-24/12:03:47.496697        2.4025943e-013        4.2598534e+004        1.5718752e+004
2021-12-24/12:03:47.596697        0.0000000e+000        4.2596403e+004        1.5721443e+004
2021-12-24/12:03:47.696697        3.5178494e-012        4.2594261e+004        1.5724129e+004
2021-12-24/12:03:47.796698        1.2012104e-013        4.2592132e+004        1.5726813e+004
2021-12-24/12:03:47.896697        0.0000000e+000        4.2589990e+004        1.5729499e+004
2021-12-24/12:03:47.996697        3.5178491e-012        4.2588355e+004        1.5731915e+004
2021-12-24/12:03:48.096697       -3.3977194e-012        4.2586247e+004        1.5734597e+004
2021-12-24/12:03:48.196697       -1.2012943e-013        4.2584115e+004        1.5737286e+004
2021-12-24/12:03:48.296698        0.0000000e+000        4.2581985e+004        1.5739975e+004
2021-12-24/12:03:48.396697        0.0000000e+000        4.2579848e+004        1.5742661e+004
2021-12-24/12:03:48.496697       -3.5178491e-012        4.2577698e+004        1.5745342e+004
2021-12-24/12:03:48.596697        3.3977194e-012        4.2575566e+004        1.5748030e+004
2021-12-24/12:03:48.696697        1.2012943e-013        4.2573422e+004        1.5750712e+004
2021-12-24/12:03:48.796698       -3.5178578e-012        4.2571265e+004        1.5753390e+004
2021-12-24/12:03:48.896697       -1.2012943e-013        4.2569120e+004        1.5756072e+004
2021-12-24/12:03:48.996697        3.5178491e-012        4.2567490e+004        1.5758485e+004
2021-12-24/12:03:49.096697        3.6379788e-012        4.2565365e+004        1.5761158e+004
2021-12-24/12:03:49.196697       -3.3977199e-012        4.2563225e+004        1.5763841e+004
2021-12-24/12:03:49.296698       -1.2012104e-013        4.2561078e+004        1.5766521e+004
2021-12-24/12:03:49.396682        3.5173029e-012        4.2558928e+004        1.5769199e+004
2021-12-24/12:03:49.496683        1.2066748e-013        4.2556786e+004        1.5771881e+004
2021-12-24/12:03:49.596683        7.0346227e-012        4.2554637e+004        1.5774559e+004
2021-12-24/12:03:49.696682        2.4135173e-013        4.2552485e+004        1.5777236e+004
2021-12-24/12:03:49.796682        3.5173027e-012        4.2550331e+004        1.5779911e+004
2021-12-24/12:03:49.896682        3.6379788e-012        4.2548175e+004        1.5782586e+004
2021-12-24/12:03:49.996683        1.2066748e-013        4.2546539e+004        1.5784994e+004
2021-12-24/12:03:50.096683        3.5173113e-012        4.2544412e+004        1.5787663e+004
2021-12-24/12:03:50.196682        3.6379788e-012        4.2542260e+004        1.5790339e+004
2021-12-24/12:03:50.296682        1.2067615e-013        4.2540116e+004        1.5793017e+004
2021-12-24/12:03:50.396682        0.0000000e+000        4.2537959e+004        1.5795690e+004
2021-12-24/12:03:50.496683        3.5173113e-012        4.2535805e+004        1.5798364e+004
2021-12-24/12:03:50.596683        3.6379788e-012        4.2533649e+004        1.5801037e+004
2021-12-24/12:03:50.696682        3.6379788e-012        4.2531495e+004        1.5803710e+004
2021-12-24/12:03:50.796682        3.6379788e-012        4.2529329e+004        1.5806378e+004
2021-12-24/12:03:50.896682        3.6379788e-012        4.2527156e+004        1.5809043e+004
2021-12-24/12:03:50.996683        1.2066748e-013        4.2525519e+004        1.5811447e+004
2021-12-24/12:03:51.096683        0.0000000e+000        4.2523385e+004        1.5814111e+004
2021-12-24/12:03:51.196682        0.0000000e+000        4.2521231e+004        1.5816783e+004
2021-12-24/12:03:51.296682       -3.5173027e-012        4.2519075e+004        1.5819453e+004
2021-12-24/12:03:51.396682       -1.2067587e-013        4.2516916e+004        1.5822123e+004
2021-12-24/12:03:51.496683        3.5173113e-012        4.2514755e+004        1.5824791e+004
2021-12-24/12:03:51.596683        3.6379788e-012        4.2512592e+004        1.5827457e+004
2021-12-24/12:03:51.696682        3.6379788e-012        4.2510421e+004        1.5830121e+004
2021-12-24/12:03:51.796682        1.2067615e-013        4.2508253e+004        1.5832786e+004
2021-12-24/12:03:51.896682       -3.5173029e-012        4.2506083e+004        1.5835449e+004
2021-12-24/12:03:51.996683       -1.2066748e-013        4.2504440e+004        1.5837848e+004
2021-12-24/12:03:52.096683       -3.5173113e-012        4.2502299e+004        1.5840505e+004
2021-12-24/12:03:52.196682       -1.2067587e-013        4.2500138e+004        1.5843171e+004
2021-12-24/12:03:52.296682        0.0000000e+000        4.2497975e+004        1.5845836e+004
2021-12-24/12:03:52.396682        3.5173029e-012        4.2495809e+004        1.5848499e+004
2021-12-24/12:03:52.496683        3.6379788e-012        4.2493637e+004        1.5851160e+004
2021-12-24/12:03:52.596683        1.2066748e-013        4.2491466e+004        1.5853821e+004
2021-12-24/12:03:52.696682       -3.5173029e-012        4.2489288e+004        1.5856478e+004
2021-12-24/12:03:52.796682       -1.2067615e-013        4.2487113e+004        1.5859137e+004
2021-12-24/12:03:52.896682       -3.5173029e-012        4.2484935e+004        1.5861794e+004
2021-12-24/12:03:52.996683       -7.1552901e-012        4.2483287e+004        1.5864188e+004
2021-12-24/12:03:53.096683       -3.7586463e-012        4.2481134e+004        1.5866838e+004
2021-12-24/12:03:53.196682       -3.6379788e-012        4.2478970e+004        1.5869494e+004
2021-12-24/12:03:53.296682       -1.2067615e-013        4.2476799e+004        1.5872153e+004
2021-12-24/12:03:53.396682       -7.0346059e-012        4.2474626e+004        1.5874810e+004
2021-12-24/12:03:53.496683       -3.7586463e-012        4.2472450e+004        1.5877467e+004
2021-12-24/12:03:53.596683       -1.2066748e-013        4.2470272e+004        1.5880122e+004
2021-12-24/12:03:53.696682        0.0000000e+000        4.2468092e+004        1.5882775e+004
2021-12-24/12:03:53.796682        3.5173027e-012        4.2465904e+004        1.5885426e+004
2021-12-24/12:03:53.896682       -3.3966271e-012        4.2463713e+004        1.5888075e+004
2021-12-24/12:03:53.996683       -1.2066748e-013        4.2462059e+004        1.5890463e+004
2021-12-24/12:03:54.096683        0.0000000e+000        4.2459903e+004        1.5893109e+004
2021-12-24/12:03:54.196682        3.5173029e-012        4.2457728e+004        1.5895763e+004
2021-12-24/12:03:54.296682        1.2067615e-013        4.2455550e+004        1.5898416e+004
2021-12-24/12:04:29.396697        3.5178494e-012        4.1666090e+004        1.6781355e+004
2021-12-24/12:04:29.496697        1.2012972e-013        4.1663664e+004        1.6783783e+004
2021-12-24/12:04:29.596697        0.0000000e+000        4.1661231e+004        1.6786208e+004
2021-12-24/12:04:29.696697       -7.0356988e-012        4.1658810e+004        1.6788639e+004
2021-12-24/12:04:29.796698        6.7954734e-012        4.1656371e+004        1.6791061e+004
2021-12-24/12:04:29.896697        3.7581082e-012        4.1653931e+004        1.6793482e+004
2021-12-24/12:04:29.996697       -3.3977194e-012        4.1652068e+004        1.6795646e+004
2021-12-24/12:04:30.096697       -1.2012972e-013        4.1649664e+004        1.6798064e+004
2021-12-24/12:04:30.196697       -7.0356988e-012        4.1647238e+004        1.6800491e+004
2021-12-24/12:04:30.296698       -3.7580998e-012        4.1644810e+004        1.6802916e+004
2021-12-24/12:04:30.396697       -1.2012943e-013        4.1642380e+004        1.6805339e+004
2021-12-24/12:04:30.496697        0.0000000e+000        4.1639953e+004        1.6807763e+004
2021-12-24/12:04:30.596697        3.5178491e-012        4.1637509e+004        1.6810175e+004
2021-12-24/12:04:30.696697        3.6379788e-012        4.1635072e+004        1.6812594e+004
2021-12-24/12:04:30.796698       -3.3977367e-012        4.1632637e+004        1.6815014e+004
2021-12-24/12:04:30.896697       -1.2012943e-013        4.1630191e+004        1.6817429e+004
2021-12-24/12:04:30.996697       -3.5178491e-012        4.1628323e+004        1.6819587e+004
2021-12-24/12:04:31.096697       -1.2012972e-013        4.1625917e+004        1.6822000e+004
2021-12-24/12:04:31.196697        0.0000000e+000        4.1623480e+004        1.6824418e+004
2021-12-24/12:04:31.296698        0.0000000e+000        4.1621050e+004        1.6826838e+004
2021-12-24/12:04:31.396697        3.5178494e-012        4.1618608e+004        1.6829252e+004
2021-12-24/12:04:31.496697       -3.3977194e-012        4.1616168e+004        1.6831667e+004
2021-12-24/12:04:31.596697       -1.2012972e-013        4.1613722e+004        1.6834079e+004
2021-12-24/12:04:31.696697        3.5178494e-012        4.1611283e+004        1.6836493e+004
2021-12-24/12:04:31.796698        7.1558366e-012        4.1608831e+004        1.6838902e+004
2021-12-24/12:04:31.896682        2.4135173e-013        4.1606383e+004        1.6841311e+004
2021-12-24/12:04:31.996683        0.0000000e+000        4.1604510e+004        1.6843463e+004
2021-12-24/12:04:32.096683        0.0000000e+000        4.1602087e+004        1.6845865e+004
2021-12-24/12:04:32.196682        3.5173029e-012        4.1599649e+004        1.6848278e+004
2021-12-24/12:04:32.296682        1.2067615e-013        4.1597207e+004        1.6850689e+004
2021-12-24/12:04:32.396682        0.0000000e+000        4.1594764e+004        1.6853099e+004
2021-12-24/12:04:32.496683        0.0000000e+000        4.1592318e+004        1.6855507e+004
2021-12-24/12:04:32.596683       -3.5173113e-012        4.1589875e+004        1.6857917e+004
2021-12-24/12:04:32.696682       -3.6379788e-012        4.1587420e+004        1.6860320e+004
2021-12-24/12:04:32.796682       -1.2067615e-013        4.1584967e+004        1.6862725e+004
2021-12-24/12:04:32.896682        0.0000000e+000        4.1582512e+004        1.6865128e+004
2021-12-24/12:04:32.996683        3.5173113e-012        4.1580633e+004        1.6867272e+004
2021-12-24/12:04:33.096683       -3.3966438e-012        4.1578209e+004        1.6869670e+004
2021-12-24/12:04:33.196682       -1.2067587e-013        4.1575764e+004        1.6872076e+004
2021-12-24/12:04:33.296682        0.0000000e+000        4.1573315e+004        1.6874478e+004
2021-12-24/12:04:33.396682        3.5173029e-012        4.1570870e+004        1.6876884e+004
2021-12-24/12:04:33.496683       -3.3966438e-012        4.1568418e+004        1.6879285e+004
2021-12-24/12:04:33.596683       -1.2066748e-013        4.1565948e+004        1.6881678e+004
2021-12-24/12:04:33.696682        0.0000000e+000        4.1563495e+004        1.6884079e+004
2021-12-24/12:04:33.796682        3.5173027e-012        4.1561036e+004        1.6886477e+004
2021-12-24/12:04:33.896682        1.2067587e-013        4.1558569e+004        1.6888870e+004
2021-12-24/12:04:33.996683       -7.0346227e-012        4.1556689e+004        1.6891010e+004
2021-12-24/12:04:34.096683       -7.2759576e-012        4.1554259e+004        1.6893401e+004
2021-12-24/12:04:34.196682       -2.4135173e-013        4.1551806e+004        1.6895800e+004
2021-12-24/12:04:34.296682       -7.0346053e-012        4.1549356e+004        1.6898200e+004
