2021-12-24/12:01:19.096679        3.5171986e-012        4.5012193e+004        1.1159126e+004
2021-12-24/12:01:19.196680       -3.3964189e-012        4.5011099e+004        1.1162327e+004
2021-12-24/12:01:19.296679       -1.2078024e-013        4.5010001e+004        1.1165526e+004
2021-12-24/12:01:19.396682       -3.5173029e-012        4.5008903e+004        1.1168725e+004
2021-12-24/12:01:19.496683       -1.2066748e-013        4.5007791e+004        1.1171923e+004
2021-12-24/12:01:19.596683        0.0000000e+000        4.5006697e+004        1.1175122e+004
2021-12-24/12:01:19.696682        3.5173029e-012        4.5005586e+004        1.1178319e+004
2021-12-24/12:01:19.796682        3.6379788e-012        4.5004477e+004        1.1181516e+004
2021-12-24/12:01:19.896682        1.2067587e-013        4.5003367e+004        1.1184712e+004
2021-12-24/12:01:19.996683        0.0000000e+000        4.5002570e+004        1.1187651e+004
2021-12-24/12:01:20.096683       -3.5173113e-012        4.5001482e+004        1.1190841e+004
2021-12-24/12:01:20.196682       -1.2067587e-013        4.5000376e+004        1.1194040e+004
2021-12-24/12:01:20.296682        0.0000000e+000        4.4999272e+004        1.1197238e+004
2021-12-24/12:01:20.396682        0.0000000e+000        4.4998167e+004        1.1200436e+004
2021-12-24/12:01:20.496683        0.0000000e+000        4.4997065e+004        1.1203633e+004
2021-12-24/12:01:20.596683        3.5173113e-012        4.4995954e+004        1.1206830e+004
2021-12-24/12:01:20.696682        1.2067587e-013        4.4994839e+004        1.1210018e+004
2021-12-24/12:01:20.796682        0.0000000e+000        4.4993725e+004        1.1213214e+004
2021-12-24/12:01:20.896682        0.0000000e+000        4.4992608e+004        1.1216409e+004
2021-12-24/12:01:20.996683        3.5173113e-012        4.4991797e+004        1.1219345e+004
2021-12-24/12:01:21.096683        1.2066748e-013        4.4990712e+004        1.1222535e+004
2021-12-24/12:01:21.196682       -3.5173029e-012        4.4989600e+004        1.1225732e+004
2021-12-24/12:01:21.296682       -3.6379788e-012        4.4988495e+004        1.1228929e+004
2021-12-24/12:01:21.396682       -1.2067587e-013        4.4987383e+004        1.1232126e+004
2021-12-24/12:01:21.496683        3.5173113e-012        4.4986265e+004        1.1235321e+004
2021-12-24/12:01:21.596683        3.6379788e-012        4.4985152e+004        1.1238517e+004
2021-12-24/12:01:21.696682        1.2067587e-013        4.4984029e+004        1.1241711e+004
2021-12-24/12:01:21.796682       -3.5173027e-012        4.4982909e+004        1.1244905e+004
2021-12-24/12:01:21.896697       -3.6379788e-012        4.4981779e+004        1.1248099e+004
2021-12-24/12:01:21.996697       -1.2012972e-013        4.4980978e+004        1.1251034e+004
2021-12-24/12:01:22.096697       -3.5178491e-012        4.4979873e+004        1.1254222e+004
2021-12-24/12:01:22.196697       -3.6379788e-012        4.4978765e+004        1.1257418e+004
2021-12-24/12:01:22.296698        3.3977367e-012        4.4977654e+004        1.1260614e+004
2021-12-24/12:01:22.396697       -3.3977199e-012        4.4976526e+004        1.1263808e+004
2021-12-24/12:01:22.496697       -3.6379788e-012        4.4975406e+004        1.1267003e+004
2021-12-24/12:01:22.596697       -1.2012972e-013        4.4974283e+004        1.1270196e+004
2021-12-24/12:01:22.696697       -3.5178494e-012        4.4973159e+004        1.1273390e+004
2021-12-24/12:01:22.796698        3.3977367e-012        4.4972037e+004        1.1276583e+004
2021-12-24/12:01:22.896697        7.1558282e-012        4.4970907e+004        1.1279775e+004
2021-12-24/12:01:22.996697        2.4025943e-013        4.4970092e+004        1.1282708e+004
2021-12-24/12:01:23.096697       -3.5178491e-012        4.4968980e+004        1.1285894e+004
2021-12-24/12:01:23.196697       -3.6379788e-012        4.4967867e+004        1.1289089e+004
2021-12-24/12:01:23.296698       -1.2012104e-013        4.4966746e+004        1.1292284e+004
2021-12-24/12:01:23.396697        0.0000000e+000        4.4965626e+004        1.1295476e+004
2021-12-24/12:01:23.496697        0.0000000e+000        4.4964501e+004        1.1298669e+004
2021-12-24/12:01:23.596697        0.0000000e+000        4.4963368e+004        1.1301861e+004
2021-12-24/12:01:23.696697        3.5178494e-012        4.4962243e+004        1.1305054e+004
2021-12-24/12:01:23.796698        3.6379788e-012        4.4961112e+004        1.1308245e+004
2021-12-24/12:01:23.896697        1.2012943e-013        4.4959966e+004        1.1311435e+004
2021-12-24/12:01:23.996697        0.0000000e+000        4.4959157e+004        1.1314368e+004
2021-12-24/12:01:24.096697        0.0000000e+000        4.4958038e+004        1.1317552e+004
2021-12-24/12:01:24.196697        0.0000000e+000        4.4956912e+004        1.1320745e+004
2021-12-24/12:01:24.296698        7.0357155e-012        4.4955790e+004        1.1323939e+004
2021-12-24/12:01:24.396682        2.4135173e-013        4.4954655e+004        1.1327130e+004
2021-12-24/12:01:24.496683        0.0000000e+000        4.4953527e+004        1.1330322e+004
2021-12-24/12:01:24.596683        0.0000000e+000        4.4952392e+004        1.1333512e+004
2021-12-24/12:01:24.696682        0.0000000e+000        4.4951246e+004        1.1336702e+004
2021-12-24/12:01:24.796682        3.5173027e-012        4.4950116e+004        1.1339893e+004
2021-12-24/12:01:24.896682        7.1552817e-012        4.4948969e+004        1.1343081e+004
2021-12-24/12:01:24.996683        2.4133496e-013        4.4948149e+004        1.1346011e+004
2021-12-24/12:01:25.096683        0.0000000e+000        4.4947035e+004        1.1349196e+004
2021-12-24/12:01:25.196682        3.5173029e-012        4.4945904e+004        1.1352388e+004
2021-12-24/12:01:25.296682        3.6379788e-012        4.4944771e+004        1.1355579e+004
2021-12-24/12:01:25.396682        1.2067587e-013        4.4943630e+004        1.1358770e+004
2021-12-24/12:01:25.496683        0.0000000e+000        4.4942487e+004        1.1361960e+004
2021-12-24/12:01:25.596683        3.5173113e-012        4.4941346e+004        1.1365150e+004
2021-12-24/12:01:25.696682       -3.3966271e-012        4.4940209e+004        1.1368339e+004
2021-12-24/12:01:25.796682       -1.2067615e-013        4.4939060e+004        1.1371527e+004
2021-12-24/12:01:25.896682        3.5173029e-012        4.4937912e+004        1.1374715e+004
2021-12-24/12:01:25.996683       -3.3966438e-012        4.4937091e+004        1.1377643e+004
2021-12-24/12:01:26.096683       -1.2066748e-013        4.4935972e+004        1.1380825e+004
2021-12-24/12:01:26.196682       -3.5173029e-012        4.4934825e+004        1.1384014e+004
2021-12-24/12:01:26.296682        3.3966265e-012        4.4933685e+004        1.1387204e+004
2021-12-24/12:01:26.396682        1.2067587e-013        4.4932543e+004        1.1390394e+004
2021-12-24/12:01:26.496683        0.0000000e+000        4.4931398e+004        1.1393582e+004
2021-12-24/12:01:26.596683        0.0000000e+000        4.4930262e+004        1.1396771e+004
2021-12-24/12:01:26.696682        0.0000000e+000        4.4929109e+004        1.1399959e+004
2021-12-24/12:01:26.796682        3.5173027e-012        4.4927962e+004        1.1403146e+004
2021-12-24/12:01:26.896682        1.2067587e-013        4.4926799e+004        1.1406331e+004
2021-12-24/12:01:26.996683        0.0000000e+000        4.4925969e+004        1.1409258e+004
2021-12-24/12:01:27.096683        3.5173113e-012        4.4924839e+004        1.1412439e+004
2021-12-24/12:01:27.196682        3.6379788e-012        4.4923696e+004        1.1415628e+004
2021-12-24/12:01:27.296682        1.2067615e-013        4.4922552e+004        1.1418817e+004
2021-12-24/12:01:27.396682        0.0000000e+000        4.4921404e+004        1.1422005e+004
2021-12-24/12:01:27.496683        3.5173113e-012        4.4920254e+004        1.1425193e+004
2021-12-24/12:01:27.596683        1.2066748e-013        4.4919102e+004        1.1428380e+004
2021-12-24/12:01:27.696682        0.0000000e+000        4.4917943e+004        1.1431566e+004
2021-12-24/12:01:27.796682        0.0000000e+000        4.4916786e+004        1.1434751e+004
2021-12-24/12:01:27.896682       -3.5173029e-012        4.4915627e+004        1.1437937e+004
2021-12-24/12:01:27.996683       -1.2066748e-013        4.4914794e+004        1.1440862e+004
2021-12-24/12:01:28.096683        3.5173113e-012        4.4913656e+004        1.1444041e+004
2021-12-24/12:01:28.196682        1.2067587e-013        4.4912512e+004        1.1447229e+004
2021-12-24/12:01:28.296682       -3.5173027e-012        4.4911355e+004        1.1450415e+004
2021-12-24/12:01:28.396682       -3.6379788e-012        4.4910200e+004        1.1453601e+004
2021-12-24/12:01:28.496683        3.3966438e-012        4.4909043e+004        1.1456787e+004
2021-12-24/12:01:28.596683       -3.3966438e-012        4.4907885e+004        1.1459972e+004
2021-12-24/12:01:28.696682       -1.2067587e-013        4.4906726e+004        1.1463157e+004
2021-12-24/12:01:28.796682        0.0000000e+000        4.4905558e+004        1.1466340e+004
2021-12-24/12:01:28.896682        0.0000000e+000        4.4904392e+004        1.1469523e+004
2021-12-24/12:01:28.996683        0.0000000e+000        4.4903552e+004        1.1472447e+004
2021-12-24/12:01:29.096683        3.5173113e-012        4.4902415e+004        1.1475625e+004
2021-12-24/12:01:29.196682       -3.3966271e-012        4.4901250e+004        1.1478810e+004
2021-12-24/12:01:29.296682       -1.2067615e-013        4.4900087e+004        1.1481995e+004
2021-12-24/12:01:29.396682        0.0000000e+000        4.4898937e+004        1.1485182e+004
2021-12-24/12:01:29.496683        0.0000000e+000        4.4897776e+004        1.1488366e+004
2021-12-24/12:01:29.596683        3.5173113e-012        4.4896611e+004        1.1491550e+004
2021-12-24/12:01:29.696682        1.2067587e-013        4.4895444e+004        1.1494733e+004
2021-12-24/12:01:29.796682       -3.5173027e-012        4.4894275e+004        1.1497916e+004
2021-12-24/12:01:29.896682       -1.2067587e-013        4.4893099e+004        1.1501098e+004
2021-12-24/12:01:29.996683        0.0000000e+000        4.4892255e+004        1.1504019e+004
2021-12-24/12:01:30.096683        3.5173113e-012        4.4891111e+004        1.1507196e+004
2021-12-24/12:01:30.196682       -3.3966271e-012        4.4889944e+004        1.1510379e+004
2021-12-24/12:01:30.296682       -1.2067615e-013        4.4888778e+004        1.1513563e+004
2021-12-24/12:01:30.396682       -3.5173029e-012        4.4887611e+004        1.1516746e+004
2021-12-24/12:01:30.496683       -1.2066748e-013        4.4886437e+004        1.1519928e+004
2021-12-24/12:01:30.596683        3.5173113e-012        4.4885271e+004        1.1523110e+004
2021-12-24/12:01:30.696682        3.6379788e-012        4.4884091e+004        1.1526291e+004
2021-12-24/12:01:30.796682        1.2067615e-013        4.4882910e+004        1.1529471e+004
2021-12-24/12:01:30.896682        0.0000000e+000        4.4881737e+004        1.1532651e+004
2021-12-24/12:01:30.996683       -3.5173113e-012        4.4880893e+004        1.1535571e+004
2021-12-24/12:01:31.096683       -1.2066748e-013        4.4879738e+004        1.1538746e+004
2021-12-24/12:01:31.196682        3.5173029e-012        4.4878570e+004        1.1541929e+004
2021-12-24/12:01:31.296682        3.6379788e-012        4.4877400e+004        1.1545111e+004
2021-12-24/12:01:31.396682        1.2067587e-013        4.4876221e+004        1.1548290e+004
2021-12-24/12:01:31.496683        0.0000000e+000        4.4875046e+004        1.1551471e+004
2021-12-24/12:01:31.596683        0.0000000e+000        4.4873869e+004        1.1554651e+004
2021-12-24/12:01:31.696682        0.0000000e+000        4.4872690e+004        1.1557831e+004
2021-12-24/12:01:31.796682        0.0000000e+000        4.4871508e+004        1.1561011e+004
2021-12-24/12:01:31.896682        3.5173029e-012        4.4870328e+004        1.1564190e+004
2021-12-24/12:01:31.996683        1.2066748e-013        4.4869465e+004        1.1567107e+004
2021-12-24/12:01:32.096683        3.5173113e-012        4.4868304e+004        1.1570280e+004
2021-12-24/12:01:32.196682       -3.3966271e-012        4.4867129e+004        1.1573461e+004
2021-12-24/12:01:32.296682        3.3966265e-012        4.4865947e+004        1.1576641e+004
2021-12-24/12:01:32.396682        1.2067587e-013        4.4864773e+004        1.1579822e+004
2021-12-24/12:01:32.496683        0.0000000e+000        4.4863588e+004        1.1583001e+004
2021-12-24/12:01:32.596683        0.0000000e+000        4.4862404e+004        1.1586179e+004
2021-12-24/12:01:32.696682        0.0000000e+000        4.4861223e+004        1.1589358e+004
2021-12-24/12:01:32.796682       -3.5173027e-012        4.4860025e+004        1.1592535e+004
2021-12-24/12:01:32.896682       -1.2067587e-013        4.4858844e+004        1.1595713e+004
2021-12-24/12:01:32.996683       -7.0346227e-012        4.4857986e+004        1.1598629e+004
2021-12-24/12:01:33.096683        3.2759764e-012        4.4856819e+004        1.1601800e+004
2021-12-24/12:01:33.196682        3.6379788e-012        4.4855632e+004        1.1604979e+004
2021-12-24/12:01:33.296682       -3.3966265e-012        4.4854455e+004        1.1608159e+004
2021-12-24/12:01:33.396682        3.3966271e-012        4.4853270e+004        1.1611337e+004
2021-12-24/12:01:33.496683       -3.3966438e-012        4.4852077e+004        1.1614514e+004
2021-12-24/12:01:33.596683        3.3966438e-012        4.4850892e+004        1.1617692e+004
2021-12-24/12:01:33.696682        1.2067587e-013        4.4849690e+004        1.1620867e+004
2021-12-24/12:01:33.796682        0.0000000e+000        4.4848501e+004        1.1624044e+004
2021-12-24/12:01:33.896682        0.0000000e+000        4.4847304e+004        1.1627219e+004
2021-12-24/12:01:33.996683       -3.5173113e-012        4.4846435e+004        1.1630133e+004
2021-12-24/12:01:34.096683       -1.2066748e-013        4.4845270e+004        1.1633301e+004
2021-12-24/12:01:34.196682       -3.5173029e-012        4.4844083e+004        1.1636479e+004
2021-12-24/12:01:34.296682        3.3966265e-012        4.4842884e+004        1.1639655e+004
2021-12-24/12:01:39.396697       -3.3977199e-012        4.4782932e+004        1.1800062e+004
2021-12-24/12:01:39.496697       -1.2012972e-013        4.4781706e+004        1.1803229e+004
2021-12-24/12:01:39.596697        0.0000000e+000        4.4780473e+004        1.1806395e+004
2021-12-24/12:01:39.696697       -3.5178494e-012        4.4779237e+004        1.1809560e+004
2021-12-24/12:01:39.796698       -1.2012104e-013        4.4778009e+004        1.1812726e+004
2021-12-24/12:01:39.896697        0.0000000e+000        4.4776769e+004        1.1815890e+004
2021-12-24/12:01:39.996697        0.0000000e+000        4.4775880e+004        1.1818792e+004
2021-12-24/12:01:40.096697        0.0000000e+000        4.4774669e+004        1.1821951e+004
2021-12-24/12:01:40.196697       -3.5178494e-012        4.4773444e+004        1.1825119e+004
2021-12-24/12:01:40.296698       -3.6379788e-012        4.4772218e+004        1.1828286e+004
2021-12-24/12:01:40.396697       -3.6379788e-012        4.4770983e+004        1.1831452e+004
2021-12-24/12:01:40.496697       -1.2012972e-013        4.4769747e+004        1.1834617e+004
2021-12-24/12:01:40.596697        0.0000000e+000        4.4768518e+004        1.1837782e+004
2021-12-24/12:01:40.696697       -3.5178494e-012        4.4767281e+004        1.1840947e+004
2021-12-24/12:01:40.796698       -1.2012104e-013        4.4766043e+004        1.1844110e+004
2021-12-24/12:01:40.896697        0.0000000e+000        4.4764803e+004        1.1847273e+004
2021-12-24/12:01:40.996697       -3.5178491e-012        4.4763904e+004        1.1850174e+004
2021-12-24/12:01:41.096697       -3.6379788e-012        4.4762681e+004        1.1853330e+004
2021-12-24/12:01:41.196697       -1.2012943e-013        4.4761449e+004        1.1856495e+004
2021-12-24/12:01:41.296698       -3.5178578e-012        4.4760214e+004        1.1859660e+004
2021-12-24/12:01:41.396697       -3.6379788e-012        4.4758983e+004        1.1862825e+004
2021-12-24/12:01:41.496697       -1.2012972e-013        4.4757745e+004        1.1865988e+004
2021-12-24/12:01:41.596697        3.5178491e-012        4.4756504e+004        1.1869151e+004
2021-12-24/12:01:41.696697        3.6379788e-012        4.4755249e+004        1.1872312e+004
2021-12-24/12:01:41.796698        1.2012104e-013        4.4754008e+004        1.1875474e+004
2021-12-24/12:01:41.896697        0.0000000e+000        4.4752761e+004        1.1878635e+004
2021-12-24/12:01:41.996697        3.5178491e-012        4.4751852e+004        1.1881532e+004
2021-12-24/12:01:42.096697        1.2012972e-013        4.4750636e+004        1.1884685e+004
2021-12-24/12:01:42.196697        0.0000000e+000        4.4749394e+004        1.1887848e+004
2021-12-24/12:01:42.296698       -3.5178578e-012        4.4748158e+004        1.1891012e+004
2021-12-24/12:01:42.396697        3.3977199e-012        4.4746912e+004        1.1894174e+004
2021-12-24/12:01:42.496697        3.6379788e-012        4.4745672e+004        1.1897336e+004
2021-12-24/12:01:42.596697        3.6379788e-012        4.4744420e+004        1.1900496e+004
2021-12-24/12:01:42.696697        1.2012943e-013        4.4743171e+004        1.1903657e+004
2021-12-24/12:01:42.796698        0.0000000e+000        4.4741915e+004        1.1906816e+004
2021-12-24/12:01:42.896697        0.0000000e+000        4.4740666e+004        1.1909976e+004
2021-12-24/12:01:42.996697        0.0000000e+000        4.4739757e+004        1.1912871e+004
2021-12-24/12:01:43.096697        0.0000000e+000        4.4738527e+004        1.1916025e+004
2021-12-24/12:01:43.196697        3.5178494e-012        4.4737283e+004        1.1919187e+004
2021-12-24/12:01:43.296698        1.2012104e-013        4.4736031e+004        1.1922347e+004
2021-12-24/12:01:43.396697        3.5178494e-012        4.4734783e+004        1.1925508e+004
2021-12-24/12:01:43.496697        3.6379788e-012        4.4733537e+004        1.1928669e+004
2021-12-24/12:01:43.596697        1.2012972e-013        4.4732278e+004        1.1931827e+004
2021-12-24/12:01:43.696697       -3.5178494e-012        4.4731023e+004        1.1934986e+004
2021-12-24/12:01:43.796698       -3.6379788e-012        4.4729770e+004        1.1938145e+004
2021-12-24/12:01:43.896697       -1.2012943e-013        4.4728505e+004        1.1941301e+004
2021-12-24/12:01:43.996697        0.0000000e+000        4.4727591e+004        1.1944195e+004
2021-12-24/12:01:44.096697        3.5178491e-012        4.4726344e+004        1.1947345e+004
2021-12-24/12:01:44.196697        3.6379788e-012        4.4725103e+004        1.1950506e+004
2021-12-24/12:01:44.296698        1.2012104e-013        4.4723846e+004        1.1953665e+004
2021-12-24/12:01:44.396697        0.0000000e+000        4.4722591e+004        1.1956824e+004
2021-12-24/12:01:44.496697        3.5178491e-012        4.4721333e+004        1.1959981e+004
2021-12-24/12:01:44.596697       -3.3977194e-012        4.4720073e+004        1.1963139e+004
2021-12-24/12:01:44.696697       -1.2012943e-013        4.4718816e+004        1.1966296e+004
2021-12-24/12:01:44.796698        3.5178578e-012        4.4717545e+004        1.1969446e+004
2021-12-24/12:01:44.896697       -3.3977199e-012        4.4716283e+004        1.1972602e+004
2021-12-24/12:01:44.996697       -3.6379788e-012        4.4715364e+004        1.1975493e+004
2021-12-24/12:01:45.096697       -1.2012972e-013        4.4714115e+004        1.1978642e+004
2021-12-24/12:01:45.196697        0.0000000e+000        4.4712857e+004        1.1981799e+004
2021-12-24/12:01:45.296698        0.0000000e+000        4.4711608e+004        1.1984958e+004
2021-12-24/12:01:45.396697       -3.5178494e-012        4.4710346e+004        1.1988114e+004
2021-12-24/12:01:45.496697       -1.2012972e-013        4.4709075e+004        1.1991269e+004
2021-12-24/12:01:45.596697        0.0000000e+000        4.4707803e+004        1.1994423e+004
2021-12-24/12:01:45.696697        3.5178494e-012        4.4706534e+004        1.1997577e+004
2021-12-24/12:01:45.796698        1.2012104e-013        4.4705267e+004        1.2000732e+004
2021-12-24/12:01:45.896697       -3.5178494e-012        4.4703983e+004        1.2003883e+004
2021-12-24/12:01:45.996697        3.3977194e-012        4.4703058e+004        1.2006772e+004
2021-12-24/12:01:46.096697       -3.3977194e-012        4.4701808e+004        1.2009920e+004
2021-12-24/12:01:46.196697       -3.6379788e-012        4.4700554e+004        1.2013077e+004
2021-12-24/12:01:46.296698        3.3977367e-012        4.4699274e+004        1.2016230e+004
2021-12-24/12:01:46.396697        7.1558282e-012        4.4698005e+004        1.2019385e+004
2021-12-24/12:01:46.496697        2.4025943e-013        4.4696744e+004        1.2022540e+004
2021-12-24/12:01:46.596697        0.0000000e+000        4.4695467e+004        1.2025693e+004
2021-12-24/12:01:46.696697       -3.5178494e-012        4.4694197e+004        1.2028846e+004
2021-12-24/12:01:46.796698       -1.2012104e-013        4.4692914e+004        1.2031997e+004
2021-12-24/12:01:49.396682        3.3966271e-012        4.4660670e+004        1.2113086e+004
2021-12-24/12:01:49.496683        1.2066748e-013        4.4659380e+004        1.2116234e+004
2021-12-24/12:01:49.596683        3.5173113e-012        4.4658088e+004        1.2119381e+004
2021-12-24/12:01:49.696682        1.2067587e-013        4.4656792e+004        1.2122527e+004
2021-12-24/12:01:49.796682        3.5173027e-012        4.4655495e+004        1.2125673e+004
2021-12-24/12:01:49.896682        3.6379788e-012        4.4654197e+004        1.2128818e+004
2021-12-24/12:01:49.996683       -3.3966438e-012        4.4653257e+004        1.2131699e+004
2021-12-24/12:01:50.096683       -1.2066748e-013        4.4651970e+004        1.2134833e+004
2021-12-24/12:01:50.196682        3.5173029e-012        4.4650684e+004        1.2137981e+004
2021-12-24/12:01:50.296682        1.2067615e-013        4.4649392e+004        1.2141128e+004
2021-12-24/12:01:50.396682       -3.5173029e-012        4.4648096e+004        1.2144274e+004
2021-12-24/12:01:50.496683       -3.6379788e-012        4.4646793e+004        1.2147419e+004
2021-12-24/12:01:50.596683       -1.2066748e-013        4.4645493e+004        1.2150563e+004
2021-12-24/12:01:50.696682        0.0000000e+000        4.4644186e+004        1.2153707e+004
2021-12-24/12:01:50.796682        3.5173027e-012        4.4642881e+004        1.2156850e+004
2021-12-24/12:01:50.896682        1.2067587e-013        4.4641580e+004        1.2159993e+004
2021-12-24/12:01:50.996683        0.0000000e+000        4.4640624e+004        1.2162870e+004
2021-12-24/12:01:51.096683        3.5173113e-012        4.4639342e+004        1.2166007e+004
2021-12-24/12:01:51.196682        1.2067587e-013        4.4638046e+004        1.2169153e+004
2021-12-24/12:01:51.296682       -3.5173027e-012        4.4636747e+004        1.2172297e+004
2021-12-24/12:01:51.396682       -3.6379788e-012        4.4635451e+004        1.2175442e+004
2021-12-24/12:01:51.496683       -1.2066748e-013        4.4634143e+004        1.2178585e+004
2021-12-24/12:01:51.596683        3.5173113e-012        4.4632838e+004        1.2181728e+004
2021-12-24/12:01:51.696682        1.2067587e-013        4.4631524e+004        1.2184869e+004
2021-12-24/12:01:51.796682        0.0000000e+000        4.4630219e+004        1.2188011e+004
2021-12-24/12:01:51.896682        0.0000000e+000        4.4628907e+004        1.2191152e+004
2021-12-24/12:01:51.996683        0.0000000e+000        4.4627946e+004        1.2194026e+004
2021-12-24/12:01:52.096683        3.5173113e-012        4.4626663e+004        1.2197162e+004
2021-12-24/12:01:52.196682        1.2067587e-013        4.4625360e+004        1.2200306e+004
2021-12-24/12:01:52.296682        0.0000000e+000        4.4624049e+004        1.2203447e+004
2021-12-24/12:01:52.396682        3.5173029e-012        4.4622741e+004        1.2206589e+004
2021-12-24/12:01:52.496683        3.6379788e-012        4.4621426e+004        1.2209730e+004
2021-12-24/12:01:52.596683        1.2066748e-013        4.4620118e+004        1.2212871e+004
2021-12-24/12:01:52.696682       -3.5173029e-012        4.4618799e+004        1.2216011e+004
2021-12-24/12:01:52.796682        3.3966265e-012        4.4617491e+004        1.2219149e+004
2021-12-24/12:01:52.896682        1.2067587e-013        4.4616177e+004        1.2222288e+004
2021-12-24/12:01:52.996683       -3.5173113e-012        4.4615211e+004        1.2225161e+004
2021-12-24/12:01:53.096683       -1.2066748e-013        4.4613910e+004        1.2228293e+004
2021-12-24/12:01:53.196682        3.5173029e-012        4.4612600e+004        1.2231434e+004
2021-12-24/12:01:53.296682       -3.3966265e-012        4.4611292e+004        1.2234574e+004
2021-12-24/12:01:53.396682       -1.2067587e-013        4.4609977e+004        1.2237714e+004
2021-12-24/12:01:53.496683        0.0000000e+000        4.4608660e+004        1.2240853e+004
2021-12-24/12:01:53.596683        0.0000000e+000        4.4607340e+004        1.2243991e+004
2021-12-24/12:01:53.696682        0.0000000e+000        4.4606019e+004        1.2247128e+004
2021-12-24/12:01:53.796682        3.5173027e-012        4.4604689e+004        1.2250264e+004
2021-12-24/12:01:53.896682        1.2067587e-013        4.4603352e+004        1.2253399e+004
2021-12-24/12:01:53.996683        0.0000000e+000        4.4602391e+004        1.2256270e+004
2021-12-24/12:01:54.096683        3.5173113e-012        4.4601094e+004        1.2259401e+004
2021-12-24/12:01:54.196682        3.6379788e-012        4.4599779e+004        1.2262540e+004
2021-12-24/12:01:54.296682        1.2067615e-013        4.4598455e+004        1.2265678e+004
2021-12-24/12:01:54.396682        0.0000000e+000        4.4597139e+004        1.2268816e+004
2021-12-24/12:01:54.496683       -3.5173113e-012        4.4595806e+004        1.2271952e+004
2021-12-24/12:01:54.596683       -1.2066748e-013        4.4594480e+004        1.2275088e+004
2021-12-24/12:01:54.696682        0.0000000e+000        4.4593158e+004        1.2278224e+004
2021-12-24/12:01:54.796682        0.0000000e+000        4.4591827e+004        1.2281359e+004
2021-12-24/12:01:54.896682        0.0000000e+000        4.4590495e+004        1.2284493e+004
2021-12-24/12:01:54.996683       -3.5173113e-012        4.4589524e+004        1.2287361e+004
2021-12-24/12:01:55.096683        3.3966438e-012        4.4588210e+004        1.2290488e+004
2021-12-24/12:01:55.196682        1.2067587e-013        4.4586896e+004        1.2293626e+004
2021-12-24/12:01:55.296682        3.5173027e-012        4.4585565e+004        1.2296761e+004
2021-12-24/12:01:55.396682        1.2067587e-013        4.4584233e+004        1.2299896e+004
2021-12-24/12:01:55.496683        0.0000000e+000        4.4582905e+004        1.2303028e+004
2021-12-24/12:01:55.596683        3.5173113e-012        4.4581578e+004        1.2306163e+004
2021-12-24/12:01:55.696682        1.2067587e-013        4.4580238e+004        1.2309295e+004
2021-12-24/12:01:55.796682        0.0000000e+000        4.4578905e+004        1.2312428e+004
2021-12-24/12:01:55.896682        3.5173029e-012        4.4577560e+004        1.2315559e+004
2021-12-24/12:01:55.996683        1.2066748e-013        4.4576578e+004        1.2318423e+004
2021-12-24/12:01:56.096683       -3.5173113e-012        4.4575268e+004        1.2321550e+004
2021-12-24/12:01:56.196682       -3.6379788e-012        4.4573934e+004        1.2324684e+004
2021-12-24/12:01:56.296682       -1.2067615e-013        4.4572602e+004        1.2327818e+004
2021-12-24/12:01:56.396682        0.0000000e+000        4.4571268e+004        1.2330951e+004
2021-12-24/12:01:56.496683       -3.5173113e-012        4.4569937e+004        1.2334084e+004
2021-12-24/12:01:56.596683       -3.6379788e-012        4.4568593e+004        1.2337215e+004
2021-12-24/12:01:56.696682        3.3966271e-012        4.4567247e+004        1.2340345e+004
2021-12-24/12:01:56.796682        1.2067615e-013        4.4565904e+004        1.2343476e+004
2021-12-24/12:01:56.896682        3.5173029e-012        4.4564558e+004        1.2346605e+004
2021-12-24/12:01:56.996683       -3.3966438e-012        4.4563586e+004        1.2349470e+004
2021-12-24/12:01:57.096683       -3.6379788e-012        4.4562255e+004        1.2352592e+004
2021-12-24/12:01:57.196682       -1.2067587e-013        4.4560918e+004        1.2355724e+004
2021-12-24/12:01:57.296682        3.5173027e-012        4.4559583e+004        1.2358856e+004
2021-12-24/12:01:57.396682        1.2067587e-013        4.4558237e+004        1.2361986e+004
2021-12-24/12:01:57.496683        3.5173113e-012        4.4556893e+004        1.2365116e+004
2021-12-24/12:01:57.596683        1.2066748e-013        4.4555552e+004        1.2368246e+004
2021-12-24/12:01:57.696682        0.0000000e+000        4.4554194e+004        1.2371372e+004
2021-12-24/12:01:57.796682        0.0000000e+000        4.4552847e+004        1.2374501e+004
2021-12-24/12:01:57.896682        0.0000000e+000        4.4551489e+004        1.2377627e+004
2021-12-24/12:01:57.996683       -3.5173113e-012        4.4550507e+004        1.2380489e+004
2021-12-24/12:01:58.096683       -1.2066748e-013        4.4549178e+004        1.2383607e+004
2021-12-24/12:01:58.196682        0.0000000e+000        4.4547829e+004        1.2386735e+004
2021-12-24/12:01:58.296682        0.0000000e+000        4.4546483e+004        1.2389864e+004
2021-12-24/12:01:58.396682       -3.5173029e-012        4.4545135e+004        1.2392992e+004
2021-12-24/12:01:58.496683       -1.2066748e-013        4.4543784e+004        1.2396120e+004
2021-12-24/12:01:58.596683        0.0000000e+000        4.4542426e+004        1.2399246e+004
2021-12-24/12:01:58.696682        0.0000000e+000        4.4541076e+004        1.2402372e+004
2021-12-24/12:01:58.796682        0.0000000e+000        4.4539723e+004        1.2405498e+004
2021-12-24/12:01:58.896682       -3.5173029e-012        4.4538358e+004        1.2408622e+004
2021-12-24/12:01:58.996683        3.3966438e-012        4.4537361e+004        1.2411480e+004
2021-12-24/12:01:59.096683        1.2066748e-013        4.4536025e+004        1.2414598e+004
2021-12-24/12:01:59.196682        0.0000000e+000        4.4534675e+004        1.2417725e+004
2021-12-24/12:01:59.296682        3.5173027e-012        4.4533322e+004        1.2420852e+004
2021-12-24/12:01:59.396682        3.6379788e-012        4.4531973e+004        1.2423979e+004
2021-12-24/12:01:59.496683       -3.3966438e-012        4.4530616e+004        1.2427104e+004
2021-12-24/12:01:59.596683       -1.2066748e-013        4.4529257e+004        1.2430228e+004
2021-12-24/12:01:59.696682        0.0000000e+000        4.4527885e+004        1.2433350e+004
2021-12-24/12:01:59.796682        0.0000000e+000        4.4526525e+004        1.2436474e+004
2021-12-24/12:01:59.896682        3.5173029e-012        4.4525160e+004        1.2439596e+004
2021-12-24/12:01:59.996683       -6.9139552e-012        4.4524162e+004        1.2442452e+004
2021-12-24/12:02:00.096683        3.2759764e-012        4.4522819e+004        1.2445568e+004
2021-12-24/12:02:00.196682        1.2067587e-013        4.4521463e+004        1.2448693e+004
2021-12-24/12:02:00.296682        3.5173027e-012        4.4520104e+004        1.2451818e+004
2021-12-24/12:02:00.396682        3.6379788e-012        4.4518742e+004        1.2454941e+004
2021-12-24/12:02:00.496683        1.2066748e-013        4.4517367e+004        1.2458062e+004
2021-12-24/12:02:00.596683        3.5173113e-012        4.4516006e+004        1.2461185e+004
2021-12-24/12:02:00.696682        1.2067587e-013        4.4514638e+004        1.2464306e+004
2021-12-24/12:02:00.796682        0.0000000e+000        4.4513271e+004        1.2467425e+004
2021-12-24/12:02:00.896682        0.0000000e+000        4.4511898e+004        1.2470545e+004
2021-12-24/12:02:00.996683        0.0000000e+000        4.4510895e+004        1.2473398e+004
2021-12-24/12:02:01.096683        0.0000000e+000        4.4509540e+004        1.2476511e+004
2021-12-24/12:02:01.196682       -7.0346059e-012        4.4508177e+004        1.2479634e+004
2021-12-24/12:02:01.296682        3.2759503e-012        4.4506811e+004        1.2482756e+004
2021-12-24/12:02:01.396682       -3.3966271e-012        4.4505438e+004        1.2485876e+004
2021-12-24/12:02:01.496683       -1.2066748e-013        4.4504073e+004        1.2488997e+004
2021-12-24/12:02:01.596683        3.5173113e-012        4.4502695e+004        1.2492116e+004
2021-12-24/12:02:01.696682       -3.3966271e-012        4.4501330e+004        1.2495237e+004
2021-12-24/12:02:01.796682       -1.2067615e-013        4.4499948e+004        1.2498354e+004
2021-12-24/12:02:01.896697        3.5178494e-012        4.4498557e+004        1.2501470e+004
2021-12-24/12:02:01.996697       -3.3977194e-012        4.4497553e+004        1.2504322e+004
2021-12-24/12:02:02.096697       -3.6379788e-012        4.4496198e+004        1.2507433e+004
2021-12-24/12:02:02.196697       -1.2012943e-013        4.4494834e+004        1.2510554e+004
2021-12-24/12:02:02.296698        0.0000000e+000        4.4493461e+004        1.2513674e+004
2021-12-24/12:02:02.396697        0.0000000e+000        4.4492086e+004        1.2516792e+004
2021-12-24/12:02:02.496697        0.0000000e+000        4.4490704e+004        1.2519909e+004
2021-12-24/12:02:02.596697        3.5178491e-012        4.4489324e+004        1.2523027e+004
2021-12-24/12:02:02.696697       -3.3977199e-012        4.4487947e+004        1.2526144e+004
2021-12-24/12:02:02.796698       -1.2012104e-013        4.4486558e+004        1.2529258e+004
2021-12-24/12:02:02.896697        0.0000000e+000        4.4485171e+004        1.2532373e+004
2021-12-24/12:02:02.996697        0.0000000e+000        4.4484157e+004        1.2535221e+004
2021-12-24/12:02:03.096697        3.5178491e-012        4.4482790e+004        1.2538330e+004
2021-12-24/12:02:03.196697       -3.3977199e-012        4.4481419e+004        1.2541448e+004
2021-12-24/12:02:03.296698       -1.2012104e-013        4.4480039e+004        1.2544565e+004
2021-12-24/12:02:03.396697       -3.5178494e-012        4.4478653e+004        1.2547681e+004
2021-12-24/12:02:03.496697       -1.2012972e-013        4.4477277e+004        1.2550787e+004
2021-12-24/12:02:03.596697       -3.5178491e-012        4.4475891e+004        1.2553901e+004
2021-12-24/12:02:03.696697       -3.6379788e-012        4.4474498e+004        1.2557014e+004
2021-12-24/12:02:03.796698       -1.2012104e-013        4.4473111e+004        1.2560128e+004
2021-12-24/12:02:03.896697        3.5178494e-012        4.4471713e+004        1.2563240e+004
2021-12-24/12:02:03.996697        3.6379788e-012        4.4470699e+004        1.2566086e+004
2021-12-24/12:02:04.096697        1.2012972e-013        4.4469335e+004        1.2569194e+004
2021-12-24/12:02:04.196697        0.0000000e+000        4.4467936e+004        1.2572306e+004
2021-12-24/12:02:04.296698        0.0000000e+000        4.4466553e+004        1.2575421e+004
2021-12-24/12:02:06.896682        1.2067587e-013        4.4430930e+004        1.2655720e+004
2021-12-24/12:02:06.996683        0.0000000e+000        4.4429899e+004        1.2658558e+004
2021-12-24/12:02:07.096683        3.5173113e-012        4.4428504e+004        1.2661656e+004
2021-12-24/12:02:07.196682        3.6379788e-012        4.4427095e+004        1.2664762e+004
2021-12-24/12:02:07.296682        1.2067615e-013        4.4425688e+004        1.2667869e+004
2021-12-24/12:02:07.396682        0.0000000e+000        4.4424279e+004        1.2670975e+004
2021-12-24/12:02:07.496683        0.0000000e+000        4.4422867e+004        1.2674080e+004
2021-12-24/12:02:07.596683        0.0000000e+000        4.4421453e+004        1.2677184e+004
2021-12-24/12:02:07.696682        0.0000000e+000        4.4420037e+004        1.2680288e+004
2021-12-24/12:02:07.796682        0.0000000e+000        4.4418623e+004        1.2683391e+004
2021-12-24/12:02:07.896682        0.0000000e+000        4.4417192e+004        1.2686492e+004
2021-12-24/12:02:07.996683        3.5173113e-012        4.4416146e+004        1.2689325e+004
2021-12-24/12:02:08.096683        1.2066748e-013        4.4414755e+004        1.2692422e+004
2021-12-24/12:02:08.196682       -3.5173029e-012        4.4413343e+004        1.2695527e+004
2021-12-24/12:02:08.296682       -1.2067615e-013        4.4411935e+004        1.2698632e+004
2021-12-24/12:02:08.396682        0.0000000e+000        4.4410514e+004        1.2701734e+004
2021-12-24/12:02:08.496683        0.0000000e+000        4.4409096e+004        1.2704837e+004
2021-12-24/12:02:08.596683       -3.5173113e-012        4.4407675e+004        1.2707938e+004
2021-12-24/12:02:08.696682       -3.6379788e-012        4.4406247e+004        1.2711038e+004
2021-12-24/12:02:08.796682       -7.1552815e-012        4.4404830e+004        1.2714135e+004
2021-12-24/12:02:08.896682        3.2759512e-012        4.4403403e+004        1.2717234e+004
2021-12-24/12:02:08.996683        1.2066748e-013        4.4402351e+004        1.2720065e+004
2021-12-24/12:02:09.096683        3.5173113e-012        4.4400947e+004        1.2723158e+004
2021-12-24/12:02:09.196682        3.6379788e-012        4.4399529e+004        1.2726260e+004
2021-12-24/12:02:09.296682        1.2067615e-013        4.4398108e+004        1.2729361e+004
2021-12-24/12:02:09.396682       -3.5173029e-012        4.4396680e+004        1.2732460e+004
2021-12-24/12:02:09.496683        3.3966438e-012        4.4395254e+004        1.2735560e+004
2021-12-24/12:02:09.596683        1.2066748e-013        4.4393826e+004        1.2738658e+004
2021-12-24/12:02:09.696682        3.5173029e-012        4.4392401e+004        1.2741757e+004
2021-12-24/12:02:09.796682        1.2067615e-013        4.4390963e+004        1.2744853e+004
2021-12-24/12:02:09.896682        3.5173029e-012        4.4389533e+004        1.2747951e+004
2021-12-24/12:02:09.996683        3.6379788e-012        4.4388481e+004        1.2750779e+004
2021-12-24/12:02:10.096683        1.2066748e-013        4.4387071e+004        1.2753870e+004
2021-12-24/12:02:10.196682        3.5173029e-012        4.4385641e+004        1.2756969e+004
2021-12-24/12:02:10.296682       -3.3966265e-012        4.4384215e+004        1.2760068e+004
2021-12-24/12:02:10.396682       -1.2067587e-013        4.4382785e+004        1.2763166e+004
2021-12-24/12:02:10.496683        3.5173113e-012        4.4381353e+004        1.2766263e+004
2021-12-24/12:02:10.596683        3.6379788e-012        4.4379914e+004        1.2769358e+004
2021-12-24/12:02:10.696682        3.6379788e-012        4.4378488e+004        1.2772456e+004
2021-12-24/12:02:10.796682       -3.3966265e-012        4.4377039e+004        1.2775549e+004
2021-12-24/12:02:10.896682        3.3966271e-012        4.4375598e+004        1.2778643e+004
2021-12-24/12:02:10.996683        7.1552901e-012        4.4374540e+004        1.2781469e+004
2021-12-24/12:02:11.096683        2.4133496e-013        4.4373123e+004        1.2784557e+004
2021-12-24/12:02:11.196682        3.5173029e-012        4.4371691e+004        1.2787654e+004
2021-12-24/12:02:11.296682        1.2067615e-013        4.4370256e+004        1.2790750e+004
2021-12-24/12:02:11.396682        3.5173029e-012        4.4368819e+004        1.2793845e+004
2021-12-24/12:02:11.496683        1.2066748e-013        4.4367384e+004        1.2796937e+004
2021-12-24/12:02:11.596683       -3.5173113e-012        4.4365948e+004        1.2800032e+004
2021-12-24/12:02:11.696682       -1.2067587e-013        4.4364499e+004        1.2803124e+004
2021-12-24/12:02:11.796682       -3.5173027e-012        4.4363053e+004        1.2806216e+004
2021-12-24/12:02:24.396697        0.0000000e+000        4.4181028e+004        1.3190026e+004
2021-12-24/12:02:24.496697        3.5178491e-012        4.4179503e+004        1.3193083e+004
2021-12-24/12:02:24.596697        1.2012972e-013        4.4177977e+004        1.3196140e+004
2021-12-24/12:02:24.696697        0.0000000e+000        4.4176437e+004        1.3199193e+004
2021-12-24/12:02:24.796698        0.0000000e+000        4.4174900e+004        1.3202247e+004
2021-12-24/12:02:24.896697        3.5178494e-012        4.4173365e+004        1.3205298e+004
2021-12-24/12:02:24.996697        3.6379788e-012        4.4172234e+004        1.3208082e+004
2021-12-24/12:02:25.096697       -3.3977194e-012        4.4170710e+004        1.3211127e+004
2021-12-24/12:02:25.196697       -3.6379788e-012        4.4169180e+004        1.3214183e+004
2021-12-24/12:02:25.296698       -1.2012104e-013        4.4167648e+004        1.3217238e+004
2021-12-24/12:02:25.396697        0.0000000e+000        4.4166114e+004        1.3220291e+004
2021-12-24/12:02:25.496697        0.0000000e+000        4.4164577e+004        1.3223345e+004
2021-12-24/12:02:25.596697        7.0356982e-012        4.4163044e+004        1.3226398e+004
2021-12-24/12:02:25.696697        3.7581082e-012        4.4161502e+004        1.3229449e+004
2021-12-24/12:02:25.796698        1.2012104e-013        4.4159959e+004        1.3232500e+004
2021-12-24/12:02:25.896697        0.0000000e+000        4.4158402e+004        1.3235548e+004
2021-12-24/12:02:25.996697       -3.5178491e-012        4.4157265e+004        1.3238329e+004
2021-12-24/12:02:26.096697        3.3977194e-012        4.4155744e+004        1.3241373e+004
2021-12-24/12:02:26.196697        1.2012943e-013        4.4154212e+004        1.3244426e+004
2021-12-24/12:02:26.296698       -3.5178578e-012        4.4152662e+004        1.3247475e+004
2021-12-24/12:02:26.396697       -1.2012943e-013        4.4151120e+004        1.3250526e+004
2021-12-24/12:02:26.496697        0.0000000e+000        4.4149586e+004        1.3253577e+004
2021-12-24/12:02:26.596697        3.5178491e-012        4.4148029e+004        1.3256624e+004
2021-12-24/12:02:26.696697       -3.3977199e-012        4.4146474e+004        1.3259671e+004
2021-12-24/12:02:26.796698       -1.2012104e-013        4.4144922e+004        1.3262718e+004
2021-12-24/12:02:26.896682       -3.5173029e-012        4.4143373e+004        1.3265765e+004
2021-12-24/12:02:26.996683        3.3966438e-012        4.4142220e+004        1.3268540e+004
2021-12-24/12:02:27.096683       -3.3966438e-012        4.4140692e+004        1.3271581e+004
2021-12-24/12:02:27.196682       -7.1552817e-012        4.4139152e+004        1.3274631e+004
2021-12-24/12:02:27.296682       -2.4135231e-013        4.4137595e+004        1.3277676e+004
2021-12-24/12:02:27.396682        3.5173029e-012        4.4136055e+004        1.3280726e+004
2021-12-24/12:02:27.496683        1.2066748e-013        4.4134499e+004        1.3283771e+004
2021-12-24/12:02:27.596683        3.5173113e-012        4.4132954e+004        1.3286816e+004
2021-12-24/12:02:27.696682        1.2067587e-013        4.4131403e+004        1.3289861e+004
2021-12-24/12:02:27.796682        3.5173027e-012        4.4129839e+004        1.3292904e+004
2021-12-24/12:02:27.896682        3.6379788e-012        4.4128277e+004        1.3295947e+004
2021-12-24/12:02:27.996683        1.2066748e-013        4.4127128e+004        1.3298721e+004
2021-12-24/12:02:28.096683        3.5173113e-012        4.4125583e+004        1.3301756e+004
2021-12-24/12:02:28.196682        3.6379788e-012        4.4124032e+004        1.3304802e+004
2021-12-24/12:02:28.296682       -3.3966265e-012        4.4122484e+004        1.3307849e+004
2021-12-24/12:02:28.396682        3.3966271e-012        4.4120923e+004        1.3310892e+004
2021-12-24/12:02:28.496683        3.6379788e-012        4.4119365e+004        1.3313935e+004
2021-12-24/12:02:28.596683        3.6379788e-012        4.4117804e+004        1.3316978e+004
2021-12-24/12:02:28.696682        7.1552817e-012        4.4116241e+004        1.3320020e+004
2021-12-24/12:02:28.796682        2.4135231e-013        4.4114682e+004        1.3323062e+004
2021-12-24/12:02:28.896682        3.5173029e-012        4.4113103e+004        1.3326100e+004
2021-12-24/12:02:28.996683        1.2066748e-013        4.4111949e+004        1.3328871e+004
2021-12-24/12:02:29.096683        0.0000000e+000        4.4110408e+004        1.3331905e+004
2021-12-24/12:02:29.196682       -3.5173029e-012        4.4108844e+004        1.3334947e+004
2021-12-24/12:02:29.296682       -3.6379788e-012        4.4107288e+004        1.3337989e+004
2021-12-24/12:02:29.396682       -1.2067587e-013        4.4105725e+004        1.3341030e+004
2021-12-24/12:02:29.496683        0.0000000e+000        4.4104159e+004        1.3344070e+004
2021-12-24/12:02:29.596683        0.0000000e+000        4.4102587e+004        1.3347108e+004
2021-12-24/12:02:29.696682       -3.5173029e-012        4.4101011e+004        1.3350145e+004
2021-12-24/12:02:29.796682       -1.2067615e-013        4.4099442e+004        1.3353184e+004
2021-12-24/12:02:29.896682       -3.5173029e-012        4.4097867e+004        1.3356220e+004
2021-12-24/12:02:29.996683        3.3966438e-012        4.4096697e+004        1.3358986e+004
2021-12-24/12:02:30.096683        3.6379788e-012        4.4095148e+004        1.3362016e+004
2021-12-24/12:02:30.196682        1.2067587e-013        4.4093590e+004        1.3365054e+004
2021-12-24/12:02:30.296682        3.5173027e-012        4.4092017e+004        1.3368091e+004
2021-12-24/12:02:30.396682        3.6379788e-012        4.4090446e+004        1.3371128e+004
2021-12-24/12:02:30.496683        7.1552901e-012        4.4088873e+004        1.3374164e+004
2021-12-24/12:02:30.596683        2.4133496e-013        4.4087298e+004        1.3377200e+004
2021-12-24/12:02:30.696682        3.5173029e-012        4.4085719e+004        1.3380234e+004
2021-12-24/12:02:30.796682       -3.3966265e-012        4.4084139e+004        1.3383268e+004
2021-12-24/12:02:30.896682       -3.6379788e-012        4.4082556e+004        1.3386301e+004
2021-12-24/12:02:30.996683        3.3966438e-012        4.4081385e+004        1.3389064e+004
2021-12-24/12:02:31.096683        1.2066748e-013        4.4079825e+004        1.3392091e+004
2021-12-24/12:02:31.196682        3.5173029e-012        4.4078252e+004        1.3395127e+004
2021-12-24/12:02:31.296682        1.2067615e-013        4.4076677e+004        1.3398162e+004
2021-12-24/12:02:31.396682        0.0000000e+000        4.4075095e+004        1.3401196e+004
2021-12-24/12:02:31.496683        0.0000000e+000        4.4073521e+004        1.3404230e+004
2021-12-24/12:02:31.596683        3.5173113e-012        4.4071940e+004        1.3407263e+004
2021-12-24/12:02:31.696682        1.2067587e-013        4.4070361e+004        1.3410296e+004
2021-12-24/12:02:31.796682        3.5173027e-012        4.4068774e+004        1.3413327e+004
2021-12-24/12:02:31.896682        3.6379788e-012        4.4067175e+004        1.3416355e+004
2021-12-24/12:02:31.996683        1.2066748e-013        4.4065999e+004        1.3419115e+004
2021-12-24/12:02:32.096683        0.0000000e+000        4.4064435e+004        1.3422139e+004
2021-12-24/12:02:32.196682        0.0000000e+000        4.4062854e+004        1.3425171e+004
2021-12-24/12:02:32.296682        3.5173027e-012        4.4061272e+004        1.3428203e+004
2021-12-24/12:02:32.396682        3.6379788e-012        4.4059691e+004        1.3431234e+004
2021-12-24/12:02:32.496683        1.2066748e-013        4.4058093e+004        1.3434262e+004
2021-12-24/12:02:32.596683        3.5173113e-012        4.4056509e+004        1.3437292e+004
2021-12-24/12:02:32.696682        1.2067587e-013        4.4054916e+004        1.3440319e+004
2021-12-24/12:02:32.796682        0.0000000e+000        4.4053311e+004        1.3443344e+004
2021-12-24/12:02:32.896682        0.0000000e+000        4.4051724e+004        1.3446373e+004
2021-12-24/12:02:32.996683       -3.5173113e-012        4.4050537e+004        1.3449128e+004
2021-12-24/12:02:33.096683        3.3966438e-012        4.4048971e+004        1.3452150e+004
2021-12-24/12:02:33.196682       -3.3966271e-012        4.4047384e+004        1.3455179e+004
2021-12-24/12:02:33.296682       -1.2067615e-013        4.4045785e+004        1.3458205e+004
2021-12-24/12:02:33.396682        0.0000000e+000        4.4044199e+004        1.3461234e+004
2021-12-24/12:02:33.496683        0.0000000e+000        4.4042605e+004        1.3464261e+004
2021-12-24/12:02:33.596683        0.0000000e+000        4.4041010e+004        1.3467287e+004
2021-12-24/12:02:33.696682        3.5173029e-012        4.4039410e+004        1.3470312e+004
2021-12-24/12:02:33.796682       -3.3966265e-012        4.4037810e+004        1.3473336e+004
2021-12-24/12:02:33.896682       -1.2067587e-013        4.4036207e+004        1.3476359e+004
2021-12-24/12:02:33.996683        3.5173113e-012        4.4035009e+004        1.3479110e+004
2021-12-24/12:02:34.096683       -3.3966438e-012        4.4033441e+004        1.3482129e+004
2021-12-24/12:02:34.196682       -3.6379788e-012        4.4031837e+004        1.3485153e+004
2021-12-24/12:02:34.296682        6.9139292e-012        4.4030245e+004        1.3488179e+004
2021-12-24/12:02:34.396682        2.4135173e-013        4.4028646e+004        1.3491203e+004
2021-12-24/12:02:34.496683        0.0000000e+000        4.4027040e+004        1.3494225e+004
2021-12-24/12:02:34.596683        0.0000000e+000        4.4025446e+004        1.3497250e+004
2021-12-24/12:02:34.696682       -3.5173029e-012        4.4023835e+004        1.3500270e+004
2021-12-24/12:02:34.796682       -1.2067615e-013        4.4022216e+004        1.3503288e+004
2021-12-24/12:02:34.896682        0.0000000e+000        4.4020610e+004        1.3506309e+004
2021-12-24/12:02:34.996683        3.5173113e-012        4.4019416e+004        1.3509058e+004
2021-12-24/12:02:35.096683        1.2066748e-013        4.4017826e+004        1.3512071e+004
2021-12-24/12:02:35.196682       -3.5173029e-012        4.4016224e+004        1.3515093e+004
2021-12-24/12:02:35.296682       -1.2067615e-013        4.4014630e+004        1.3518117e+004
2021-12-24/12:02:35.396682        0.0000000e+000        4.4013019e+004        1.3521136e+004
2021-12-24/12:02:35.496683        3.5173113e-012        4.4011410e+004        1.3524156e+004
2021-12-24/12:02:35.596683        3.6379788e-012        4.4009803e+004        1.3527169e+004
2021-12-24/12:02:35.696682        1.2067587e-013        4.4008184e+004        1.3530186e+004
2021-12-24/12:02:35.796682        0.0000000e+000        4.4006574e+004        1.3533204e+004
2021-12-24/12:02:35.896682        3.5173029e-012        4.4004951e+004        1.3536219e+004
2021-12-24/12:02:35.996683        1.2066748e-013        4.4003750e+004        1.3538964e+004
2021-12-24/12:02:36.096683        3.5173113e-012        4.4002163e+004        1.3541976e+004
2021-12-24/12:02:36.196682        1.2067587e-013        4.4000556e+004        1.3544995e+004
2021-12-24/12:02:36.296682        0.0000000e+000        4.3998935e+004        1.3548011e+004
2021-12-24/12:02:36.396682        0.0000000e+000        4.3997328e+004        1.3551030e+004
2021-12-24/12:02:36.496683        0.0000000e+000        4.3995713e+004        1.3554046e+004
2021-12-24/12:02:36.596683        3.5173113e-012        4.3994090e+004        1.3557061e+004
2021-12-24/12:02:36.696682        3.6379788e-012        4.3992475e+004        1.3560077e+004
2021-12-24/12:02:36.796682        1.2067615e-013        4.3990848e+004        1.3563089e+004
2021-12-24/12:02:41.896697       -3.6379788e-012        4.3909512e+004        1.3714969e+004
2021-12-24/12:02:41.996697       -1.2012972e-013        4.3908277e+004        1.3717693e+004
2021-12-24/12:02:42.096697        0.0000000e+000        4.3906642e+004        1.3720681e+004
2021-12-24/12:02:42.196697       -3.5178494e-012        4.3904985e+004        1.3723677e+004
2021-12-24/12:02:42.296698       -1.2012104e-013        4.3903330e+004        1.3726674e+004
2021-12-24/12:02:42.396697       -3.5178494e-012        4.3901673e+004        1.3729669e+004
2021-12-24/12:02:42.496697       -1.2012972e-013        4.3900009e+004        1.3732662e+004
2021-12-24/12:02:42.596697        0.0000000e+000        4.3898353e+004        1.3735657e+004
2021-12-24/12:02:42.696697        0.0000000e+000        4.3896689e+004        1.3738650e+004
2021-12-24/12:02:42.796698        3.5178578e-012        4.3895023e+004        1.3741642e+004
2021-12-24/12:02:42.896697       -3.3977199e-012        4.3893359e+004        1.3744634e+004
2021-12-24/12:02:42.996697       -1.2012972e-013        4.3892103e+004        1.3747351e+004
2021-12-24/12:02:43.096697        7.0356982e-012        4.3890471e+004        1.3750338e+004
2021-12-24/12:02:43.196697        2.4025886e-013        4.3888812e+004        1.3753332e+004
2021-12-24/12:02:43.296698        0.0000000e+000        4.3887146e+004        1.3756324e+004
2021-12-24/12:02:43.396697        0.0000000e+000        4.3885482e+004        1.3759316e+004
2021-12-24/12:02:43.496697       -7.0356982e-012        4.3883816e+004        1.3762307e+004
2021-12-24/12:02:43.596697       -3.7581085e-012        4.3882146e+004        1.3765299e+004
2021-12-24/12:02:43.696697       -1.2012943e-013        4.3880475e+004        1.3768289e+004
2021-12-24/12:02:43.796698        0.0000000e+000        4.3878807e+004        1.3771278e+004
2021-12-24/12:02:43.896697        0.0000000e+000        4.3877122e+004        1.3774263e+004
2021-12-24/12:02:43.996697        3.5178491e-012        4.3875880e+004        1.3776981e+004
2021-12-24/12:02:44.096697       -6.9155685e-012        4.3874236e+004        1.3779964e+004
2021-12-24/12:02:44.196697       -2.4025886e-013        4.3872564e+004        1.3782952e+004
2021-12-24/12:02:44.296698       -3.5178578e-012        4.3870900e+004        1.3785942e+004
2021-12-24/12:02:44.396697       -3.6379788e-012        4.3869229e+004        1.3788930e+004
2021-12-24/12:02:44.496697       -1.2012972e-013        4.3867550e+004        1.3791916e+004
2021-12-24/12:02:44.596697       -3.5178491e-012        4.3865874e+004        1.3794902e+004
2021-12-24/12:02:44.696697       -7.1558282e-012        4.3864196e+004        1.3797887e+004
2021-12-24/12:02:44.796698       -3.7580998e-012        4.3862514e+004        1.3800872e+004
2021-12-24/12:02:44.896697       -1.2012943e-013        4.3860832e+004        1.3803855e+004
2021-12-24/12:02:44.996697       -3.5178491e-012        4.3859579e+004        1.3806568e+004
2021-12-24/12:02:45.096697       -1.2012972e-013        4.3857917e+004        1.3809544e+004
2021-12-24/12:02:45.196697        0.0000000e+000        4.3856249e+004        1.3812532e+004
2021-12-24/12:02:45.296698       -3.5178578e-012        4.3854563e+004        1.3815515e+004
2021-12-24/12:02:45.396697       -1.2012943e-013        4.3852885e+004        1.3818499e+004
2021-12-24/12:02:45.496697        0.0000000e+000        4.3851205e+004        1.3821482e+004
2021-12-24/12:02:45.596697        0.0000000e+000        4.3849528e+004        1.3824466e+004
2021-12-24/12:02:45.696697       -3.5178494e-012        4.3847837e+004        1.3827447e+004
2021-12-24/12:02:45.796698        3.3977367e-012        4.3846149e+004        1.3830427e+004
2021-12-24/12:02:45.896697       -3.3977199e-012        4.3844460e+004        1.3833407e+004
2021-12-24/12:02:45.996697       -1.2012972e-013        4.3843212e+004        1.3836118e+004
2021-12-24/12:02:46.096697        0.0000000e+000        4.3841538e+004        1.3839090e+004
2021-12-24/12:02:46.196697        0.0000000e+000        4.3839852e+004        1.3842071e+004
2021-12-24/12:02:46.296698        0.0000000e+000        4.3838182e+004        1.3845053e+004
2021-12-24/12:02:46.396697        3.5178494e-012        4.3836492e+004        1.3848033e+004
2021-12-24/12:02:46.496697        3.6379788e-012        4.3834809e+004        1.3851014e+004
2021-12-24/12:02:46.596697       -3.3977194e-012        4.3833119e+004        1.3853992e+004
2021-12-24/12:02:46.696697        3.3977199e-012        4.3831421e+004        1.3856969e+004
2021-12-24/12:02:46.796698       -3.3977367e-012        4.3829725e+004        1.3859945e+004
2021-12-24/12:02:46.896682       -1.2067587e-013        4.3828018e+004        1.3862918e+004
2021-12-24/12:02:46.996683        0.0000000e+000        4.3826758e+004        1.3865624e+004
2021-12-24/12:02:47.096683        0.0000000e+000        4.3825087e+004        1.3868595e+004
2021-12-24/12:02:47.196682        7.0346059e-012        4.3823400e+004        1.3871573e+004
2021-12-24/12:02:47.296682        1.0793260e-011        4.3821709e+004        1.3874551e+004
2021-12-24/12:02:47.396682       -3.1552753e-012        4.3820021e+004        1.3877529e+004
2021-12-24/12:02:47.496683       -3.6379788e-012        4.3818316e+004        1.3880503e+004
2021-12-24/12:02:47.596683       -3.6379788e-012        4.3816619e+004        1.3883478e+004
2021-12-24/12:02:47.696682        3.3966271e-012        4.3814924e+004        1.3886453e+004
2021-12-24/12:02:47.796682       -3.3966265e-012        4.3813216e+004        1.3889425e+004
2021-12-24/12:02:47.896682       -3.6379788e-012        4.3811517e+004        1.3892398e+004
2021-12-24/12:02:47.996683       -1.2066748e-013        4.3810247e+004        1.3895100e+004
2021-12-24/12:02:48.096683       -3.5173113e-012        4.3808564e+004        1.3898065e+004
2021-12-24/12:02:48.196682       -1.2067587e-013        4.3806874e+004        1.3901041e+004
2021-12-24/12:02:48.296682        3.5173027e-012        4.3805171e+004        1.3904013e+004
2021-12-24/12:02:48.396682        3.6379788e-012        4.3803466e+004        1.3906985e+004
2021-12-24/12:02:48.496683        1.2066748e-013        4.3801764e+004        1.3909957e+004
2021-12-24/12:02:48.596683        3.5173113e-012        4.3800059e+004        1.3912927e+004
2021-12-24/12:02:48.696682        1.2067587e-013        4.3798352e+004        1.3915898e+004
2021-12-24/12:02:48.796682        3.5173027e-012        4.3796642e+004        1.3918867e+004
2021-12-24/12:02:48.896682       -6.9139300e-012        4.3794936e+004        1.3921836e+004
2021-12-24/12:02:48.996683       -2.4133496e-013        4.3793655e+004        1.3924530e+004
2021-12-24/12:02:49.096683       -7.0346227e-012        4.3791969e+004        1.3927492e+004
2021-12-24/12:02:49.196682       -3.7586547e-012        4.3790277e+004        1.3930465e+004
2021-12-24/12:02:49.296682       -7.1552815e-012        4.3788568e+004        1.3933434e+004
2021-12-24/12:03:04.396697        0.0000000e+000        4.3529055e+004        1.4372822e+004
2021-12-24/12:03:04.496697       -3.5178491e-012        4.3527236e+004        1.4375729e+004
2021-12-24/12:03:04.596697       -1.2012972e-013        4.3525404e+004        1.4378631e+004
2021-12-24/12:03:04.696697       -3.5178494e-012        4.3523585e+004        1.4381536e+004
2021-12-24/12:03:04.796698       -1.2012104e-013        4.3521759e+004        1.4384439e+004
2021-12-24/12:03:04.896697        0.0000000e+000        4.3519930e+004        1.4387341e+004
2021-12-24/12:03:04.996697       -3.5178491e-012        4.3518559e+004        1.4389970e+004
2021-12-24/12:03:05.096697       -3.6379788e-012        4.3516757e+004        1.4392866e+004
2021-12-24/12:03:05.196697        3.3977199e-012        4.3514943e+004        1.4395772e+004
2021-12-24/12:03:05.296698       -3.3977367e-012        4.3513116e+004        1.4398674e+004
2021-12-24/12:03:05.396697       -1.2012943e-013        4.3511292e+004        1.4401576e+004
2021-12-24/12:03:05.496697        0.0000000e+000        4.3509465e+004        1.4404478e+004
2021-12-24/12:03:05.596697        3.5178491e-012        4.3507636e+004        1.4407378e+004
2021-12-24/12:03:05.696697        1.2012943e-013        4.3505799e+004        1.4410276e+004
2021-12-24/12:03:05.796698        0.0000000e+000        4.3503970e+004        1.4413176e+004
2021-12-24/12:03:05.896697        0.0000000e+000        4.3502129e+004        1.4416072e+004
2021-12-24/12:03:05.996697        0.0000000e+000        4.3500752e+004        1.4418699e+004
2021-12-24/12:03:06.096697        3.5178491e-012        4.3498939e+004        1.4421589e+004
2021-12-24/12:03:06.196697        1.2012943e-013        4.3497113e+004        1.4424490e+004
2021-12-24/12:03:06.296698        7.0357155e-012        4.3495289e+004        1.4427391e+004
2021-12-24/12:03:06.396697       -3.2775905e-012        4.3493453e+004        1.4430288e+004
2021-12-24/12:03:06.496697       -1.2012972e-013        4.3491620e+004        1.4433186e+004
2021-12-24/12:03:06.596697        0.0000000e+000        4.3489790e+004        1.4436084e+004
2021-12-24/12:03:06.696697       -3.5178494e-012        4.3487951e+004        1.4438979e+004
2021-12-24/12:03:06.796698       -1.2012104e-013        4.3486111e+004        1.4441873e+004
2021-12-24/12:03:06.896697        0.0000000e+000        4.3484263e+004        1.4444765e+004
2021-12-24/12:03:06.996697       -3.5178491e-012        4.3482881e+004        1.4447388e+004
2021-12-24/12:03:07.096697       -1.2012972e-013        4.3481070e+004        1.4450277e+004
2021-12-24/12:03:07.196697       -7.0356988e-012        4.3479231e+004        1.4453172e+004
2021-12-24/12:03:07.296698        3.2776157e-012        4.3477394e+004        1.4456067e+004
2021-12-24/12:03:07.396697        3.6379788e-012        4.3475555e+004        1.4458961e+004
2021-12-24/12:03:07.496697        1.2012972e-013        4.3473709e+004        1.4461852e+004
2021-12-24/12:03:07.596697       -3.5178491e-012        4.3471876e+004        1.4464747e+004
2021-12-24/12:03:07.696697        3.3977199e-012        4.3470029e+004        1.4467635e+004
2021-12-24/12:03:07.796698        3.6379788e-012        4.3468171e+004        1.4470522e+004
2021-12-24/12:03:07.896697        3.6379788e-012        4.3466330e+004        1.4473414e+004
2021-12-24/12:03:07.996697       -6.9155685e-012        4.3464942e+004        1.4476032e+004
2021-12-24/12:03:08.096697       -7.2759576e-012        4.3463114e+004        1.4478914e+004
2021-12-24/12:03:08.196697        3.2775905e-012        4.3461277e+004        1.4481807e+004
2021-12-24/12:03:08.296698        1.2012104e-013        4.3459429e+004        1.4484696e+004
2021-12-24/12:03:08.396697       -7.0356988e-012        4.3457578e+004        1.4487583e+004
2021-12-24/12:03:08.496697       -3.7581085e-012        4.3455734e+004        1.4490473e+004
2021-12-24/12:03:08.596697       -1.2012972e-013        4.3453884e+004        1.4493360e+004
2021-12-24/12:03:08.696697        0.0000000e+000        4.3452026e+004        1.4496245e+004
2021-12-24/12:03:08.796698        3.5178578e-012        4.3450175e+004        1.4499132e+004
2021-12-24/12:03:08.896697       -3.3977199e-012        4.3448312e+004        1.4502015e+004
2021-12-24/12:03:08.996697       -1.2012972e-013        4.3446918e+004        1.4504628e+004
2021-12-24/12:03:09.096697        0.0000000e+000        4.3445092e+004        1.4507509e+004
2021-12-24/12:03:09.196697        7.0356988e-012        4.3443235e+004        1.4510393e+004
2021-12-24/12:03:09.296698        7.2759576e-012        4.3441383e+004        1.4513279e+004
2021-12-24/12:03:09.396682        3.7586547e-012        4.3439531e+004        1.4516164e+004
2021-12-24/12:03:09.496683        3.6379788e-012        4.3437676e+004        1.4519048e+004
2021-12-24/12:03:09.596683       -6.9139552e-012        4.3435822e+004        1.4521932e+004
2021-12-24/12:03:09.696682       -3.7586547e-012        4.3433957e+004        1.4524813e+004
2021-12-24/12:03:09.796682       -7.1552815e-012        4.3432094e+004        1.4527694e+004
2021-12-24/12:03:09.896682       -2.4135173e-013        4.3430229e+004        1.4530574e+004
2021-12-24/12:03:09.996683        3.5173113e-012        4.3428830e+004        1.4533183e+004
2021-12-24/12:03:10.096683        3.6379788e-012        4.3426997e+004        1.4536059e+004
2021-12-24/12:03:10.196682        1.2067587e-013        4.3425137e+004        1.4538940e+004
2021-12-24/12:03:10.296682        0.0000000e+000        4.3423279e+004        1.4541822e+004
2021-12-24/12:03:10.396682        0.0000000e+000        4.3421423e+004        1.4544700e+004
2021-12-24/12:03:10.496683        0.0000000e+000        4.3419551e+004        1.4547576e+004
2021-12-24/12:03:10.596683        3.5173113e-012        4.3417685e+004        1.4550455e+004
2021-12-24/12:03:10.696682        1.2067587e-013        4.3415817e+004        1.4553332e+004
2021-12-24/12:03:10.796682        3.5173027e-012        4.3413947e+004        1.4556208e+004
2021-12-24/12:03:10.896682        1.2067587e-013        4.3412075e+004        1.4559084e+004
2021-12-24/12:03:10.996683        7.0346227e-012        4.3410664e+004        1.4561687e+004
2021-12-24/12:03:11.096683        3.7586463e-012        4.3408825e+004        1.4564558e+004
2021-12-24/12:03:11.196682        1.2067587e-013        4.3406961e+004        1.4567436e+004
2021-12-24/12:03:11.296682        0.0000000e+000        4.3405096e+004        1.4570313e+004
2021-12-24/12:03:11.396682       -3.5173029e-012        4.3403223e+004        1.4573188e+004
2021-12-24/12:03:11.496683       -1.2066748e-013        4.3401352e+004        1.4576062e+004
2021-12-24/12:03:11.596683        3.5173113e-012        4.3399479e+004        1.4578936e+004
2021-12-24/12:03:11.696682        1.2067587e-013        4.3397605e+004        1.4581809e+004
2021-12-24/12:03:11.796682        0.0000000e+000        4.3395728e+004        1.4584681e+004
2021-12-24/12:03:11.896682        3.5173029e-012        4.3393847e+004        1.4587551e+004
2021-12-24/12:03:11.996683        3.6379788e-012        4.3392436e+004        1.4590152e+004
2021-12-24/12:03:12.096683        1.2066748e-013        4.3390578e+004        1.4593015e+004
2021-12-24/12:03:12.196682       -3.5173029e-012        4.3388707e+004        1.4595889e+004
2021-12-24/12:03:12.296682       -3.6379788e-012        4.3386835e+004        1.4598761e+004
2021-12-24/12:03:12.396682       -3.6379788e-012        4.3384959e+004        1.4601632e+004
2021-12-24/12:03:12.496683       -1.2066748e-013        4.3383081e+004        1.4604503e+004
2021-12-24/12:03:12.596683        0.0000000e+000        4.3381207e+004        1.4607373e+004
2021-12-24/12:03:12.696682        3.5173029e-012        4.3379324e+004        1.4610242e+004
2021-12-24/12:03:12.796682        1.2067615e-013        4.3377434e+004        1.4613107e+004
2021-12-24/12:03:12.896682       -3.5173029e-012        4.3375536e+004        1.4615970e+004
2021-12-24/12:03:12.996683        3.3966438e-012        4.3374129e+004        1.4618563e+004
2021-12-24/12:03:13.096683        1.2066748e-013        4.3372274e+004        1.4621425e+004
2021-12-24/12:03:13.196682       -3.5173029e-012        4.3370391e+004        1.4624292e+004
2021-12-24/12:03:13.296682       -3.6379788e-012        4.3368510e+004        1.4627159e+004
2021-12-24/12:03:13.396682        3.3966271e-012        4.3366622e+004        1.4630024e+004
2021-12-24/12:03:13.496683        1.2066748e-013        4.3364742e+004        1.4632891e+004
2021-12-24/12:03:13.596683        0.0000000e+000        4.3362855e+004        1.4635755e+004
2021-12-24/12:03:13.696682        0.0000000e+000        4.3360954e+004        1.4638615e+004
2021-12-24/12:03:13.796682       -7.0346053e-012        4.3359071e+004        1.4641480e+004
2021-12-24/12:03:13.896682       -3.7586547e-012        4.3357177e+004        1.4644342e+004
2021-12-24/12:03:13.996683       -1.2066748e-013        4.3355748e+004        1.4646931e+004
2021-12-24/12:03:14.096683        7.0346227e-012        4.3353886e+004        1.4649789e+004
2021-12-24/12:03:14.196682       -3.2759512e-012        4.3352001e+004        1.4652653e+004
2021-12-24/12:03:14.296682       -1.2067615e-013        4.3350104e+004        1.4655513e+004
2021-12-24/12:03:24.396697        3.5178494e-012        4.3160219e+004        1.4939285e+004
2021-12-24/12:03:24.496697        1.2012972e-013        4.3158253e+004        1.4942097e+004
2021-12-24/12:03:24.596697        3.5178491e-012        4.3156281e+004        1.4944908e+004
2021-12-24/12:03:24.696697       -3.3977199e-012        4.3154316e+004        1.4947720e+004
2021-12-24/12:03:24.796698        3.3977367e-012        4.3152343e+004        1.4950529e+004
2021-12-24/12:03:24.896697        3.6379788e-012        4.3150359e+004        1.4953335e+004
2021-12-24/12:03:24.996697       -6.9155685e-012        4.3148874e+004        1.4955875e+004
2021-12-24/12:03:25.096697       -3.7581085e-012        4.3146928e+004        1.4958678e+004
2021-12-24/12:03:25.196697        3.3977199e-012        4.3144963e+004        1.4961490e+004
2021-12-24/12:03:25.296698       -6.9155945e-012        4.3142995e+004        1.4964300e+004
2021-12-24/12:03:25.396697       -3.7581082e-012        4.3141026e+004        1.4967110e+004
2021-12-24/12:03:25.496697        3.3977194e-012        4.3139059e+004        1.4969919e+004
2021-12-24/12:03:25.596697        3.6379788e-012        4.3137074e+004        1.4972723e+004
2021-12-24/12:03:25.696697        1.2012943e-013        4.3135097e+004        1.4975529e+004
2021-12-24/12:03:25.796698       -3.5178578e-012        4.3133122e+004        1.4978335e+004
2021-12-24/12:03:25.896697        3.3977199e-012        4.3131141e+004        1.4981139e+004
2021-12-24/12:03:25.996697        1.2012972e-013        4.3129642e+004        1.4983672e+004
2021-12-24/12:03:26.096697       -3.5178491e-012        4.3127687e+004        1.4986470e+004
2021-12-24/12:03:26.196697       -1.2012943e-013        4.3125709e+004        1.4989274e+004
2021-12-24/12:03:26.296698       -3.5178578e-012        4.3123744e+004        1.4992083e+004
2021-12-24/12:03:26.396697       -1.2012943e-013        4.3121761e+004        1.4994879e+004
2021-12-24/12:03:26.496697        3.5178491e-012        4.3119781e+004        1.4997681e+004
2021-12-24/12:03:26.596697        1.2012972e-013        4.3117803e+004        1.5000485e+004
2021-12-24/12:03:26.696697        3.5178494e-012        4.3115818e+004        1.5003285e+004
2021-12-24/12:03:26.796698       -6.9155945e-012        4.3113825e+004        1.5006083e+004
2021-12-24/12:03:46.896697        3.5178494e-012        4.2710779e+004        1.5552872e+004
2021-12-24/12:03:46.996697        1.2012972e-013        4.2709166e+004        1.5555299e+004
2021-12-24/12:03:47.096697        0.0000000e+000        4.2707060e+004        1.5557985e+004
2021-12-24/12:03:47.196697        0.0000000e+000        4.2704925e+004        1.5560676e+004
2021-12-24/12:03:47.296698        3.5178578e-012        4.2702796e+004        1.5563369e+004
2021-12-24/12:03:47.396697        7.1558282e-012        4.2700671e+004        1.5566063e+004
2021-12-24/12:03:47.496697        2.4025943e-013        4.2698534e+004        1.5568752e+004
2021-12-24/12:03:47.596697        0.0000000e+000        4.2696403e+004        1.5571443e+004
2021-12-24/12:03:47.696697        3.5178494e-012        4.2694261e+004        1.5574129e+004
2021-12-24/12:03:47.796698        1.2012104e-013        4.2692132e+004        1.5576813e+004
2021-12-24/12:03:47.896697        0.0000000e+000        4.2689990e+004        1.5579499e+004
2021-12-24/12:03:47.996697        3.5178491e-012        4.2688355e+004        1.5581915e+004
2021-12-24/12:03:48.096697       -3.3977194e-012        4.2686247e+004        1.5584597e+004
2021-12-24/12:03:48.196697       -1.2012943e-013        4.2684115e+004        1.5587286e+004
2021-12-24/12:03:48.296698        0.0000000e+000        4.2681985e+004        1.5589975e+004
2021-12-24/12:03:48.396697        0.0000000e+000        4.2679848e+004        1.5592661e+004
2021-12-24/12:03:48.496697       -3.5178491e-012        4.2677698e+004        1.5595342e+004
2021-12-24/12:03:48.596697        3.3977194e-012        4.2675566e+004        1.5598030e+004
2021-12-24/12:03:48.696697        1.2012943e-013        4.2673422e+004        1.5600712e+004
2021-12-24/12:03:48.796698       -3.5178578e-012        4.2671265e+004        1.5603390e+004
2021-12-24/12:03:48.896697       -1.2012943e-013        4.2669120e+004        1.5606072e+004
2021-12-24/12:03:48.996697        3.5178491e-012        4.2667490e+004        1.5608485e+004
2021-12-24/12:03:49.096697        3.6379788e-012        4.2665365e+004        1.5611158e+004
2021-12-24/12:03:49.196697       -3.3977199e-012        4.2663225e+004        1.5613841e+004
2021-12-24/12:03:49.296698       -1.2012104e-013        4.2661078e+004        1.5616521e+004
2021-12-24/12:03:49.396682        3.5173029e-012        4.2658928e+004        1.5619199e+004
2021-12-24/12:03:49.496683        1.2066748e-013        4.2656786e+004        1.5621881e+004
2021-12-24/12:03:49.596683        7.0346227e-012        4.2654637e+004        1.5624559e+004
2021-12-24/12:03:49.696682        2.4135173e-013        4.2652485e+004        1.5627236e+004
2021-12-24/12:03:49.796682        3.5173027e-012        4.2650331e+004        1.5629911e+004
2021-12-24/12:03:49.896682        3.6379788e-012        4.2648175e+004        1.5632586e+004
2021-12-24/12:03:49.996683        1.2066748e-013        4.2646539e+004        1.5634994e+004
2021-12-24/12:03:50.096683        3.5173113e-012        4.2644412e+004        1.5637663e+004
2021-12-24/12:03:50.196682        3.6379788e-012        4.2642260e+004        1.5640339e+004
2021-12-24/12:03:50.296682        1.2067615e-013        4.2640116e+004        1.5643017e+004
2021-12-24/12:03:50.396682        0.0000000e+000        4.2637959e+004        1.5645690e+004
2021-12-24/12:03:50.496683        3.5173113e-012        4.2635805e+004        1.5648364e+004
2021-12-24/12:03:50.596683        3.6379788e-012        4.2633649e+004        1.5651037e+004
2021-12-24/12:03:50.696682        3.6379788e-012        4.2631495e+004        1.5653710e+004
2021-12-24/12:03:50.796682        3.6379788e-012        4.2629329e+004        1.5656378e+004
2021-12-24/12:03:50.896682        3.6379788e-012        4.2627156e+004        1.5659043e+004
2021-12-24/12:03:50.996683        1.2066748e-013        4.2625519e+004        1.5661447e+004
2021-12-24/12:03:51.096683        0.0000000e+000        4.2623385e+004        1.5664111e+004
2021-12-24/12:03:51.196682        0.0000000e+000        4.2621231e+004        1.5666783e+004
2021-12-24/12:03:51.296682       -3.5173027e-012        4.2619075e+004        1.5669453e+004
2021-12-24/12:03:51.396682       -1.2067587e-013        4.2616916e+004        1.5672123e+004
2021-12-24/12:03:51.496683        3.5173113e-012        4.2614755e+004        1.5674791e+004
2021-12-24/12:03:51.596683        3.6379788e-012        4.2612592e+004        1.5677457e+004
2021-12-24/12:03:51.696682        3.6379788e-012        4.2610421e+004        1.5680121e+004
2021-12-24/12:03:51.796682        1.2067615e-013        4.2608253e+004        1.5682786e+004
2021-12-24/12:03:51.896682       -3.5173029e-012        4.2606083e+004        1.5685449e+004
2021-12-24/12:03:51.996683       -1.2066748e-013        4.2604440e+004        1.5687848e+004
2021-12-24/12:03:52.096683       -3.5173113e-012        4.2602299e+004        1.5690505e+004
2021-12-24/12:03:52.196682       -1.2067587e-013        4.2600138e+004        1.5693171e+004
2021-12-24/12:03:52.296682        0.0000000e+000        4.2597975e+004        1.5695836e+004
2021-12-24/12:03:52.396682        3.5173029e-012        4.2595809e+004        1.5698499e+004
2021-12-24/12:03:52.496683        3.6379788e-012        4.2593637e+004        1.5701160e+004
2021-12-24/12:03:52.596683        1.2066748e-013        4.2591466e+004        1.5703821e+004
2021-12-24/12:03:52.696682       -3.5173029e-012        4.2589288e+004        1.5706478e+004
2021-12-24/12:03:52.796682       -1.2067615e-013        4.2587113e+004        1.5709137e+004
2021-12-24/12:03:52.896682       -3.5173029e-012        4.2584935e+004        1.5711794e+004
2021-12-24/12:03:52.996683       -7.1552901e-012        4.2583287e+004        1.5714188e+004
2021-12-24/12:03:53.096683       -3.7586463e-012        4.2581134e+004        1.5716838e+004
2021-12-24/12:03:53.196682       -3.6379788e-012        4.2578970e+004        1.5719494e+004
2021-12-24/12:03:53.296682       -1.2067615e-013        4.2576799e+004        1.5722153e+004
2021-12-24/12:03:53.396682       -7.0346059e-012        4.2574626e+004        1.5724810e+004
2021-12-24/12:03:53.496683       -3.7586463e-012        4.2572450e+004        1.5727467e+004
2021-12-24/12:03:53.596683       -1.2066748e-013        4.2570272e+004        1.5730122e+004
2021-12-24/12:03:53.696682        0.0000000e+000        4.2568092e+004        1.5732775e+004
2021-12-24/12:03:53.796682        3.5173027e-012        4.2565904e+004        1.5735426e+004
2021-12-24/12:03:53.896682       -3.3966271e-012        4.2563713e+004        1.5738075e+004
2021-12-24/12:03:53.996683       -1.2066748e-013        4.2562059e+004        1.5740463e+004
2021-12-24/12:03:54.096683        0.0000000e+000        4.2559903e+004        1.5743109e+004
2021-12-24/12:03:54.196682        3.5173029e-012        4.2557728e+004        1.5745763e+004
2021-12-24/12:03:54.296682        1.2067615e-013        4.2555550e+004        1.5748416e+004
2021-12-24/12:04:29.396697        3.5178494e-012        4.1766090e+004        1.6631355e+004
2021-12-24/12:04:29.496697        1.2012972e-013        4.1763664e+004        1.6633783e+004
2021-12-24/12:04:29.596697        0.0000000e+000        4.1761231e+004        1.6636208e+004
2021-12-24/12:04:29.696697       -7.0356988e-012        4.1758810e+004        1.6638639e+004
2021-12-24/12:04:29.796698        6.7954734e-012        4.1756371e+004        1.6641061e+004
2021-12-24/12:04:29.896697        3.7581082e-012        4.1753931e+004        1.6643482e+004
2021-12-24/12:04:29.996697       -3.3977194e-012        4.1752068e+004        1.6645646e+004
2021-12-24/12:04:30.096697       -1.2012972e-013        4.1749664e+004        1.6648064e+004
2021-12-24/12:04:30.196697       -7.0356988e-012        4.1747238e+004        1.6650491e+004
2021-12-24/12:04:30.296698       -3.7580998e-012        4.1744810e+004        1.6652916e+004
2021-12-24/12:04:30.396697       -1.2012943e-013        4.1742380e+004        1.6655339e+004
2021-12-24/12:04:30.496697        0.0000000e+000        4.1739953e+004        1.6657763e+004
2021-12-24/12:04:30.596697        3.5178491e-012        4.1737509e+004        1.6660175e+004
2021-12-24/12:04:30.696697        3.6379788e-012        4.1735072e+004        1.6662594e+004
2021-12-24/12:04:30.796698       -3.3977367e-012        4.1732637e+004        1.6665014e+004
2021-12-24/12:04:30.896697       -1.2012943e-013        4.1730191e+004        1.6667429e+004
2021-12-24/12:04:30.996697       -3.5178491e-012        4.1728323e+004        1.6669587e+004
2021-12-24/12:04:31.096697       -1.2012972e-013        4.1725917e+004        1.6672000e+004
2021-12-24/12:04:31.196697        0.0000000e+000        4.1723480e+004        1.6674418e+004
2021-12-24/12:04:31.296698        0.0000000e+000        4.1721050e+004        1.6676838e+004
2021-12-24/12:04:31.396697        3.5178494e-012        4.1718608e+004        1.6679252e+004
2021-12-24/12:04:31.496697       -3.3977194e-012        4.1716168e+004        1.6681667e+004
2021-12-24/12:04:31.596697       -1.2012972e-013        4.1713722e+004        1.6684079e+004
2021-12-24/12:04:31.696697        3.5178494e-012        4.1711283e+004        1.6686493e+004
2021-12-24/12:04:31.796698        7.1558366e-012        4.1708831e+004        1.6688902e+004
2021-12-24/12:04:31.896682        2.4135173e-013        4.1706383e+004        1.6691311e+004
2021-12-24/12:04:31.996683        0.0000000e+000        4.1704510e+004        1.6693463e+004
2021-12-24/12:04:32.096683        0.0000000e+000        4.1702087e+004        1.6695865e+004
2021-12-24/12:04:32.196682        3.5173029e-012        4.1699649e+004        1.6698278e+004
2021-12-24/12:04:32.296682        1.2067615e-013        4.1697207e+004        1.6700689e+004
2021-12-24/12:04:32.396682        0.0000000e+000        4.1694764e+004        1.6703099e+004
2021-12-24/12:04:32.496683        0.0000000e+000        4.1692318e+004        1.6705507e+004
2021-12-24/12:04:32.596683       -3.5173113e-012        4.1689875e+004        1.6707917e+004
2021-12-24/12:04:32.696682       -3.6379788e-012        4.1687420e+004        1.6710320e+004
2021-12-24/12:04:32.796682       -1.2067615e-013        4.1684967e+004        1.6712725e+004
2021-12-24/12:04:32.896682        0.0000000e+000        4.1682512e+004        1.6715128e+004
2021-12-24/12:04:32.996683        3.5173113e-012        4.1680633e+004        1.6717272e+004
2021-12-24/12:04:33.096683       -3.3966438e-012        4.1678209e+004        1.6719670e+004
2021-12-24/12:04:33.196682       -1.2067587e-013        4.1675764e+004        1.6722076e+004
2021-12-24/12:04:33.296682        0.0000000e+000        4.1673315e+004        1.6724478e+004
2021-12-24/12:04:33.396682        3.5173029e-012        4.1670870e+004        1.6726884e+004
2021-12-24/12:04:33.496683       -3.3966438e-012        4.1668418e+004        1.6729285e+004
2021-12-24/12:04:33.596683       -1.2066748e-013        4.1665948e+004        1.6731678e+004
2021-12-24/12:04:33.696682        0.0000000e+000        4.1663495e+004        1.6734079e+004
2021-12-24/12:04:33.796682        3.5173027e-012        4.1661036e+004        1.6736477e+004
2021-12-24/12:04:33.896682        1.2067587e-013        4.1658569e+004        1.6738870e+004
2021-12-24/12:04:33.996683       -7.0346227e-012        4.1656689e+004        1.6741010e+004
2021-12-24/12:04:34.096683       -7.2759576e-012        4.1654259e+004        1.6743401e+004
2021-12-24/12:04:34.196682       -2.4135173e-013        4.1651806e+004        1.6745800e+004
2021-12-24/12:04:34.296682       -7.0346053e-012        4.1649356e+004        1.6748200e+004
