2021-12-24/12:01:19.096679        3.5171986e-012        4.4992101e+004        1.1189266e+004
2021-12-24/12:01:19.196680       -3.3964189e-012        4.4990907e+004        1.1192615e+004
2021-12-24/12:01:19.296679       -1.2078024e-013        4.4989710e+004        1.1195963e+004
2021-12-24/12:01:19.396682       -3.5173029e-012        4.4988512e+004        1.1199311e+004
2021-12-24/12:01:19.496683       -1.2066748e-013        4.4987302e+004        1.1202658e+004
2021-12-24/12:01:19.596683        0.0000000e+000        4.4986108e+004        1.1206005e+004
2021-12-24/12:01:19.696682        3.5173029e-012        4.4984898e+004        1.1209351e+004
2021-12-24/12:01:19.796682        3.6379788e-012        4.4983691e+004        1.1212696e+004
2021-12-24/12:01:19.896682        1.2067587e-013        4.4982481e+004        1.1216040e+004
2021-12-24/12:01:19.996683        0.0000000e+000        4.4981586e+004        1.1219127e+004
2021-12-24/12:01:20.096683       -3.5173113e-012        4.4980399e+004        1.1222466e+004
2021-12-24/12:01:20.196682       -1.2067587e-013        4.4979194e+004        1.1225812e+004
2021-12-24/12:01:20.296682        0.0000000e+000        4.4977992e+004        1.1229158e+004
2021-12-24/12:01:20.396682        0.0000000e+000        4.4976788e+004        1.1232504e+004
2021-12-24/12:01:20.496683        0.0000000e+000        4.4975587e+004        1.1235850e+004
2021-12-24/12:01:20.596683        3.5173113e-012        4.4974379e+004        1.1239194e+004
2021-12-24/12:01:20.696682        1.2067587e-013        4.4973165e+004        1.1242530e+004
2021-12-24/12:01:20.796682        0.0000000e+000        4.4971952e+004        1.1245873e+004
2021-12-24/12:01:20.896682        0.0000000e+000        4.4970737e+004        1.1249215e+004
2021-12-24/12:01:20.996683        3.5173113e-012        4.4969828e+004        1.1252298e+004
2021-12-24/12:01:21.096683        1.2066748e-013        4.4968645e+004        1.1255635e+004
2021-12-24/12:01:21.196682       -3.5173029e-012        4.4967435e+004        1.1258980e+004
2021-12-24/12:01:21.296682       -3.6379788e-012        4.4966232e+004        1.1262324e+004
2021-12-24/12:01:21.396682       -1.2067587e-013        4.4965022e+004        1.1265667e+004
2021-12-24/12:01:21.496683        3.5173113e-012        4.4963806e+004        1.1269010e+004
2021-12-24/12:01:21.596683        3.6379788e-012        4.4962595e+004        1.1272352e+004
2021-12-24/12:01:21.696682        1.2067587e-013        4.4961375e+004        1.1275693e+004
2021-12-24/12:01:21.796682       -3.5173027e-012        4.4960156e+004        1.1279033e+004
2021-12-24/12:01:21.896697       -3.6379788e-012        4.4958929e+004        1.1282373e+004
2021-12-24/12:01:21.996697       -1.2012972e-013        4.4958031e+004        1.1285456e+004
2021-12-24/12:01:22.096697       -3.5178491e-012        4.4956828e+004        1.1288789e+004
2021-12-24/12:01:22.196697       -3.6379788e-012        4.4955622e+004        1.1292132e+004
2021-12-24/12:01:22.296698        3.3977367e-012        4.4954415e+004        1.1295474e+004
2021-12-24/12:01:22.396697       -3.3977199e-012        4.4953189e+004        1.1298814e+004
2021-12-24/12:01:22.496697       -3.6379788e-012        4.4951971e+004        1.1302154e+004
2021-12-24/12:01:22.596697       -1.2012972e-013        4.4950752e+004        1.1305494e+004
2021-12-24/12:01:22.696697       -3.5178494e-012        4.4949530e+004        1.1308833e+004
2021-12-24/12:01:22.796698        3.3977367e-012        4.4948311e+004        1.1312171e+004
2021-12-24/12:01:22.896697        7.1558282e-012        4.4947085e+004        1.1315509e+004
2021-12-24/12:01:22.996697        2.4025943e-013        4.4946172e+004        1.1318587e+004
2021-12-24/12:01:23.096697       -3.5178491e-012        4.4944964e+004        1.1321919e+004
2021-12-24/12:01:23.196697       -3.6379788e-012        4.4943753e+004        1.1325259e+004
2021-12-24/12:01:23.296698       -1.2012104e-013        4.4942536e+004        1.1328599e+004
2021-12-24/12:01:23.396697        0.0000000e+000        4.4941319e+004        1.1331936e+004
2021-12-24/12:01:23.496697        0.0000000e+000        4.4940098e+004        1.1335274e+004
2021-12-24/12:01:23.596697        0.0000000e+000        4.4938868e+004        1.1338611e+004
2021-12-24/12:01:23.696697        3.5178494e-012        4.4937647e+004        1.1341949e+004
2021-12-24/12:01:23.796698        3.6379788e-012        4.4936419e+004        1.1345285e+004
2021-12-24/12:01:23.896697        1.2012943e-013        4.4935177e+004        1.1348619e+004
2021-12-24/12:01:23.996697        0.0000000e+000        4.4934271e+004        1.1351696e+004
2021-12-24/12:01:24.096697        0.0000000e+000        4.4933056e+004        1.1355025e+004
2021-12-24/12:01:24.196697        0.0000000e+000        4.4931834e+004        1.1358363e+004
2021-12-24/12:01:24.296698        7.0357155e-012        4.4930615e+004        1.1361700e+004
2021-12-24/12:01:24.396682        2.4135173e-013        4.4929384e+004        1.1365035e+004
2021-12-24/12:01:24.496683        0.0000000e+000        4.4928161e+004        1.1368371e+004
2021-12-24/12:01:24.596683        0.0000000e+000        4.4926929e+004        1.1371706e+004
2021-12-24/12:01:24.696682        0.0000000e+000        4.4925687e+004        1.1375039e+004
2021-12-24/12:01:24.796682        3.5173027e-012        4.4924462e+004        1.1378374e+004
2021-12-24/12:01:24.896682        7.1552817e-012        4.4923219e+004        1.1381706e+004
2021-12-24/12:01:24.996683        2.4133496e-013        4.4922303e+004        1.1384780e+004
2021-12-24/12:01:25.096683        0.0000000e+000        4.4921094e+004        1.1388108e+004
2021-12-24/12:01:25.196682        3.5173029e-012        4.4919867e+004        1.1391443e+004
2021-12-24/12:01:25.296682        3.6379788e-012        4.4918639e+004        1.1394778e+004
2021-12-24/12:01:25.396682        1.2067587e-013        4.4917402e+004        1.1398112e+004
2021-12-24/12:01:25.496683        0.0000000e+000        4.4916164e+004        1.1401445e+004
2021-12-24/12:01:25.596683        3.5173113e-012        4.4914928e+004        1.1404777e+004
2021-12-24/12:01:25.696682       -3.3966271e-012        4.4913695e+004        1.1408110e+004
2021-12-24/12:01:25.796682       -1.2067615e-013        4.4912450e+004        1.1411441e+004
2021-12-24/12:01:25.896682        3.5173029e-012        4.4911208e+004        1.1414772e+004
2021-12-24/12:01:25.996683       -3.3966438e-012        4.4910292e+004        1.1417842e+004
2021-12-24/12:01:26.096683       -1.2066748e-013        4.4909077e+004        1.1421167e+004
2021-12-24/12:01:26.196682       -3.5173029e-012        4.4907835e+004        1.1424498e+004
2021-12-24/12:01:26.296682        3.3966265e-012        4.4906601e+004        1.1427831e+004
2021-12-24/12:01:26.396682        1.2067587e-013        4.4905364e+004        1.1431162e+004
2021-12-24/12:01:26.496683        0.0000000e+000        4.4904124e+004        1.1434493e+004
2021-12-24/12:01:26.596683        0.0000000e+000        4.4902893e+004        1.1437824e+004
2021-12-24/12:01:26.696682        0.0000000e+000        4.4901646e+004        1.1441153e+004
2021-12-24/12:01:26.796682        3.5173027e-012        4.4900404e+004        1.1444483e+004
2021-12-24/12:01:26.896682        1.2067587e-013        4.4899147e+004        1.1447810e+004
2021-12-24/12:01:26.996683        0.0000000e+000        4.4898222e+004        1.1450878e+004
2021-12-24/12:01:27.096683        3.5173113e-012        4.4896998e+004        1.1454201e+004
2021-12-24/12:01:27.196682        3.6379788e-012        4.4895761e+004        1.1457532e+004
2021-12-24/12:01:27.296682        1.2067615e-013        4.4894522e+004        1.1460862e+004
2021-12-24/12:01:27.396682        0.0000000e+000        4.4893279e+004        1.1464191e+004
2021-12-24/12:01:27.496683        3.5173113e-012        4.4892036e+004        1.1467520e+004
2021-12-24/12:01:27.596683        1.2066748e-013        4.4890789e+004        1.1470848e+004
2021-12-24/12:01:27.696682        0.0000000e+000        4.4889537e+004        1.1474175e+004
2021-12-24/12:01:27.796682        0.0000000e+000        4.4888286e+004        1.1477502e+004
2021-12-24/12:01:27.896682       -3.5173029e-012        4.4887033e+004        1.1480828e+004
2021-12-24/12:01:27.996683       -1.2066748e-013        4.4886106e+004        1.1483894e+004
2021-12-24/12:01:28.096683        3.5173113e-012        4.4884874e+004        1.1487214e+004
2021-12-24/12:01:28.196682        1.2067587e-013        4.4883636e+004        1.1490543e+004
2021-12-24/12:01:28.296682       -3.5173027e-012        4.4882385e+004        1.1493869e+004
2021-12-24/12:01:28.396682       -3.6379788e-012        4.4881137e+004        1.1497196e+004
2021-12-24/12:01:28.496683        3.3966438e-012        4.4879887e+004        1.1500522e+004
2021-12-24/12:01:28.596683       -3.3966438e-012        4.4878635e+004        1.1503847e+004
2021-12-24/12:01:28.696682       -1.2067587e-013        4.4877383e+004        1.1507172e+004
2021-12-24/12:01:28.796682        0.0000000e+000        4.4876121e+004        1.1510495e+004
2021-12-24/12:01:28.896682        0.0000000e+000        4.4874862e+004        1.1513819e+004
2021-12-24/12:01:28.996683        0.0000000e+000        4.4873929e+004        1.1516882e+004
2021-12-24/12:01:29.096683        3.5173113e-012        4.4872698e+004        1.1520200e+004
2021-12-24/12:01:29.196682       -3.3966271e-012        4.4871440e+004        1.1523525e+004
2021-12-24/12:01:29.296682       -1.2067615e-013        4.4870184e+004        1.1526850e+004
2021-12-24/12:01:29.396682        0.0000000e+000        4.4868941e+004        1.1530175e+004
2021-12-24/12:01:29.496683        0.0000000e+000        4.4867687e+004        1.1533499e+004
2021-12-24/12:01:29.596683        3.5173113e-012        4.4866430e+004        1.1536823e+004
2021-12-24/12:01:29.696682        1.2067587e-013        4.4865170e+004        1.1540145e+004
2021-12-24/12:01:29.796682       -3.5173027e-012        4.4863908e+004        1.1543467e+004
2021-12-24/12:01:29.896682       -1.2067587e-013        4.4862639e+004        1.1546787e+004
2021-12-24/12:01:29.996683        0.0000000e+000        4.4861702e+004        1.1549848e+004
2021-12-24/12:01:30.096683        3.5173113e-012        4.4860466e+004        1.1553163e+004
2021-12-24/12:01:30.196682       -3.3966271e-012        4.4859206e+004        1.1556486e+004
2021-12-24/12:01:30.296682       -1.2067615e-013        4.4857948e+004        1.1559808e+004
2021-12-24/12:01:30.396682       -3.5173029e-012        4.4856689e+004        1.1563129e+004
2021-12-24/12:01:30.496683       -1.2066748e-013        4.4855422e+004        1.1566450e+004
2021-12-24/12:01:30.596683        3.5173113e-012        4.4854164e+004        1.1569771e+004
2021-12-24/12:01:30.696682        3.6379788e-012        4.4852892e+004        1.1573089e+004
2021-12-24/12:01:30.796682        1.2067615e-013        4.4851619e+004        1.1576408e+004
2021-12-24/12:01:30.896682        0.0000000e+000        4.4850353e+004        1.1579726e+004
2021-12-24/12:01:30.996683       -3.5173113e-012        4.4849417e+004        1.1582784e+004
2021-12-24/12:01:31.096683       -1.2066748e-013        4.4848171e+004        1.1586097e+004
2021-12-24/12:01:31.196682        3.5173029e-012        4.4846911e+004        1.1589418e+004
2021-12-24/12:01:31.296682        3.6379788e-012        4.4845649e+004        1.1592738e+004
2021-12-24/12:01:31.396682        1.2067587e-013        4.4844378e+004        1.1596054e+004
2021-12-24/12:01:31.496683        0.0000000e+000        4.4843112e+004        1.1599372e+004
2021-12-24/12:01:31.596683        0.0000000e+000        4.4841843e+004        1.1602690e+004
2021-12-24/12:01:31.696682        0.0000000e+000        4.4840572e+004        1.1606008e+004
2021-12-24/12:01:31.796682        0.0000000e+000        4.4839299e+004        1.1609324e+004
2021-12-24/12:01:31.896682        3.5173029e-012        4.4838028e+004        1.1612641e+004
2021-12-24/12:01:31.996683        1.2066748e-013        4.4837073e+004        1.1615695e+004
2021-12-24/12:01:32.096683        3.5173113e-012        4.4835821e+004        1.1619005e+004
2021-12-24/12:01:32.196682       -3.3966271e-012        4.4834555e+004        1.1622323e+004
2021-12-24/12:01:32.296682        3.3966265e-012        4.4833282e+004        1.1625640e+004
2021-12-24/12:01:32.396682        1.2067587e-013        4.4832016e+004        1.1628957e+004
2021-12-24/12:01:32.496683        0.0000000e+000        4.4830740e+004        1.1632273e+004
2021-12-24/12:01:32.596683        0.0000000e+000        4.4829465e+004        1.1635588e+004
2021-12-24/12:01:32.696682        0.0000000e+000        4.4828193e+004        1.1638903e+004
2021-12-24/12:01:32.796682       -3.5173027e-012        4.4826904e+004        1.1642216e+004
2021-12-24/12:01:32.896682       -1.2067587e-013        4.4825632e+004        1.1645531e+004
2021-12-24/12:01:32.996683       -7.0346227e-012        4.4824683e+004        1.1648583e+004
2021-12-24/12:01:33.096683        3.2759764e-012        4.4823426e+004        1.1651890e+004
2021-12-24/12:01:33.196682        3.6379788e-012        4.4822148e+004        1.1655205e+004
2021-12-24/12:01:33.296682       -3.3966265e-012        4.4820880e+004        1.1658520e+004
2021-12-24/12:01:33.396682        3.3966271e-012        4.4819605e+004        1.1661835e+004
2021-12-24/12:01:33.496683       -3.3966438e-012        4.4818322e+004        1.1665148e+004
2021-12-24/12:01:33.596683        3.3966438e-012        4.4817047e+004        1.1668461e+004
2021-12-24/12:01:33.696682        1.2067587e-013        4.4815754e+004        1.1671772e+004
2021-12-24/12:01:33.796682        0.0000000e+000        4.4814474e+004        1.1675084e+004
2021-12-24/12:01:33.896682        0.0000000e+000        4.4813187e+004        1.1678394e+004
2021-12-24/12:01:33.996683       -3.5173113e-012        4.4812228e+004        1.1681443e+004
2021-12-24/12:01:34.096683       -1.2066748e-013        4.4810973e+004        1.1684747e+004
2021-12-24/12:01:34.196682       -3.5173029e-012        4.4809696e+004        1.1688059e+004
2021-12-24/12:01:34.296682        3.3966265e-012        4.4808407e+004        1.1691371e+004
2021-12-24/12:01:39.396697       -3.3977199e-012        4.4743948e+004        1.1858538e+004
2021-12-24/12:01:39.496697       -1.2012972e-013        4.4742636e+004        1.1861835e+004
2021-12-24/12:01:39.596697        0.0000000e+000        4.4741316e+004        1.1865131e+004
2021-12-24/12:01:39.696697       -3.5178494e-012        4.4739993e+004        1.1868426e+004
2021-12-24/12:01:39.796698       -1.2012104e-013        4.4738679e+004        1.1871721e+004
2021-12-24/12:01:39.896697        0.0000000e+000        4.4737352e+004        1.1875015e+004
2021-12-24/12:01:39.996697        0.0000000e+000        4.4736377e+004        1.1878047e+004
2021-12-24/12:01:40.096697        0.0000000e+000        4.4735080e+004        1.1881336e+004
2021-12-24/12:01:40.196697       -3.5178494e-012        4.4733768e+004        1.1884633e+004
2021-12-24/12:01:40.296698       -3.6379788e-012        4.4732455e+004        1.1887929e+004
2021-12-24/12:01:40.396697       -3.6379788e-012        4.4731135e+004        1.1891224e+004
2021-12-24/12:01:40.496697       -1.2012972e-013        4.4729812e+004        1.1894519e+004
2021-12-24/12:01:40.596697        0.0000000e+000        4.4728497e+004        1.1897813e+004
2021-12-24/12:01:40.696697       -3.5178494e-012        4.4727175e+004        1.1901107e+004
2021-12-24/12:01:40.796698       -1.2012104e-013        4.4725851e+004        1.1904399e+004
2021-12-24/12:01:40.896697        0.0000000e+000        4.4724524e+004        1.1907691e+004
2021-12-24/12:01:40.996697       -3.5178491e-012        4.4723540e+004        1.1910720e+004
2021-12-24/12:01:41.096697       -3.6379788e-012        4.4722231e+004        1.1914005e+004
2021-12-24/12:01:41.196697       -1.2012943e-013        4.4720913e+004        1.1917299e+004
2021-12-24/12:01:41.296698       -3.5178578e-012        4.4719593e+004        1.1920592e+004
2021-12-24/12:01:41.396697       -3.6379788e-012        4.4718276e+004        1.1923885e+004
2021-12-24/12:01:41.496697       -1.2012972e-013        4.4716952e+004        1.1927177e+004
2021-12-24/12:01:41.596697        3.5178491e-012        4.4715626e+004        1.1930468e+004
2021-12-24/12:01:41.696697        3.6379788e-012        4.4714286e+004        1.1933757e+004
2021-12-24/12:01:41.796698        1.2012104e-013        4.4712960e+004        1.1937047e+004
2021-12-24/12:01:41.896697        0.0000000e+000        4.4711627e+004        1.1940336e+004
2021-12-24/12:01:41.996697        3.5178491e-012        4.4710632e+004        1.1943361e+004
2021-12-24/12:01:42.096697        1.2012972e-013        4.4709332e+004        1.1946642e+004
2021-12-24/12:01:42.196697        0.0000000e+000        4.4708004e+004        1.1949933e+004
2021-12-24/12:01:42.296698       -3.5178578e-012        4.4706684e+004        1.1953224e+004
2021-12-24/12:01:42.396697        3.3977199e-012        4.4705352e+004        1.1956513e+004
2021-12-24/12:01:42.496697        3.6379788e-012        4.4704027e+004        1.1959803e+004
2021-12-24/12:01:42.596697        3.6379788e-012        4.4702691e+004        1.1963091e+004
2021-12-24/12:01:42.696697        1.2012943e-013        4.4701357e+004        1.1966378e+004
2021-12-24/12:01:42.796698        0.0000000e+000        4.4700016e+004        1.1969664e+004
2021-12-24/12:01:42.896697        0.0000000e+000        4.4698682e+004        1.1972951e+004
2021-12-24/12:01:42.996697        0.0000000e+000        4.4697689e+004        1.1975974e+004
2021-12-24/12:01:43.096697        0.0000000e+000        4.4696374e+004        1.1979254e+004
2021-12-24/12:01:43.196697        3.5178494e-012        4.4695046e+004        1.1982543e+004
2021-12-24/12:01:43.296698        1.2012104e-013        4.4693710e+004        1.1985830e+004
2021-12-24/12:01:43.396697        3.5178494e-012        4.4692377e+004        1.1989117e+004
2021-12-24/12:01:43.496697        3.6379788e-012        4.4691046e+004        1.1992404e+004
2021-12-24/12:01:43.596697        1.2012972e-013        4.4689704e+004        1.1995689e+004
2021-12-24/12:01:43.696697       -3.5178494e-012        4.4688364e+004        1.1998974e+004
2021-12-24/12:01:43.796698       -3.6379788e-012        4.4687027e+004        1.2002259e+004
2021-12-24/12:01:43.896697       -1.2012943e-013        4.4685678e+004        1.2005542e+004
2021-12-24/12:01:43.996697        0.0000000e+000        4.4684680e+004        1.2008561e+004
2021-12-24/12:01:44.096697        3.5178491e-012        4.4683349e+004        1.2011837e+004
2021-12-24/12:01:44.196697        3.6379788e-012        4.4682024e+004        1.2015124e+004
2021-12-24/12:01:44.296698        1.2012104e-013        4.4680683e+004        1.2018409e+004
2021-12-24/12:01:44.396697        0.0000000e+000        4.4679345e+004        1.2021693e+004
2021-12-24/12:01:44.496697        3.5178491e-012        4.4678003e+004        1.2024976e+004
2021-12-24/12:01:44.596697       -3.3977194e-012        4.4676660e+004        1.2028259e+004
2021-12-24/12:01:44.696697       -1.2012943e-013        4.4675319e+004        1.2031541e+004
2021-12-24/12:01:44.796698        3.5178578e-012        4.4673965e+004        1.2034817e+004
2021-12-24/12:01:44.896697       -3.3977199e-012        4.4672619e+004        1.2038098e+004
2021-12-24/12:01:44.996697       -3.6379788e-012        4.4671617e+004        1.2041114e+004
2021-12-24/12:01:45.096697       -1.2012972e-013        4.4670285e+004        1.2044387e+004
2021-12-24/12:01:45.196697        0.0000000e+000        4.4668943e+004        1.2047670e+004
2021-12-24/12:01:45.296698        0.0000000e+000        4.4667611e+004        1.2050953e+004
2021-12-24/12:01:45.396697       -3.5178494e-012        4.4666266e+004        1.2054234e+004
2021-12-24/12:01:45.496697       -1.2012972e-013        4.4664912e+004        1.2057514e+004
2021-12-24/12:01:45.596697        0.0000000e+000        4.4663557e+004        1.2060792e+004
2021-12-24/12:01:45.696697        3.5178494e-012        4.4662205e+004        1.2064071e+004
2021-12-24/12:01:45.796698        1.2012104e-013        4.4660855e+004        1.2067350e+004
2021-12-24/12:01:45.896697       -3.5178494e-012        4.4659488e+004        1.2070625e+004
2021-12-24/12:01:45.996697        3.3977194e-012        4.4658480e+004        1.2073638e+004
2021-12-24/12:01:46.096697       -3.3977194e-012        4.4657148e+004        1.2076910e+004
2021-12-24/12:01:46.196697       -3.6379788e-012        4.4655812e+004        1.2080191e+004
2021-12-24/12:01:46.296698        3.3977367e-012        4.4654449e+004        1.2083468e+004
2021-12-24/12:01:46.396697        7.1558282e-012        4.4653098e+004        1.2086747e+004
2021-12-24/12:01:46.496697        2.4025943e-013        4.4651754e+004        1.2090026e+004
2021-12-24/12:01:46.596697        0.0000000e+000        4.4650394e+004        1.2093302e+004
2021-12-24/12:01:46.696697       -3.5178494e-012        4.4649042e+004        1.2096579e+004
2021-12-24/12:01:46.796698       -1.2012104e-013        4.4647677e+004        1.2099853e+004
2021-12-24/12:01:49.396682        3.3966271e-012        4.4613316e+004        1.2184118e+004
2021-12-24/12:01:49.496683        1.2066748e-013        4.4611945e+004        1.2187386e+004
2021-12-24/12:01:49.596683        3.5173113e-012        4.4610573e+004        1.2190654e+004
2021-12-24/12:01:49.696682        1.2067587e-013        4.4609197e+004        1.2193921e+004
2021-12-24/12:01:49.796682        3.5173027e-012        4.4607819e+004        1.2197187e+004
2021-12-24/12:01:49.896682        3.6379788e-012        4.4606440e+004        1.2200453e+004
2021-12-24/12:01:49.996683       -3.3966438e-012        4.4605420e+004        1.2203454e+004
2021-12-24/12:01:50.096683       -1.2066748e-013        4.4604053e+004        1.2206709e+004
2021-12-24/12:01:50.196682        3.5173029e-012        4.4602687e+004        1.2209977e+004
2021-12-24/12:01:50.296682        1.2067615e-013        4.4601314e+004        1.2213244e+004
2021-12-24/12:01:50.396682       -3.5173029e-012        4.4599939e+004        1.2216510e+004
2021-12-24/12:01:50.496683       -3.6379788e-012        4.4598556e+004        1.2219775e+004
2021-12-24/12:01:50.596683       -1.2066748e-013        4.4597176e+004        1.2223039e+004
2021-12-24/12:01:50.696682        0.0000000e+000        4.4595789e+004        1.2226302e+004
2021-12-24/12:01:50.796682        3.5173027e-012        4.4594405e+004        1.2229565e+004
2021-12-24/12:01:50.896682        1.2067587e-013        4.4593024e+004        1.2232828e+004
2021-12-24/12:01:50.996683        0.0000000e+000        4.4591988e+004        1.2235825e+004
2021-12-24/12:01:51.096683        3.5173113e-012        4.4590626e+004        1.2239081e+004
2021-12-24/12:01:51.196682        1.2067587e-013        4.4589251e+004        1.2242346e+004
2021-12-24/12:01:51.296682       -3.5173027e-012        4.4587872e+004        1.2245610e+004
2021-12-24/12:01:51.396682       -3.6379788e-012        4.4586497e+004        1.2248874e+004
2021-12-24/12:01:51.496683       -1.2066748e-013        4.4585110e+004        1.2252135e+004
2021-12-24/12:01:51.596683        3.5173113e-012        4.4583725e+004        1.2255397e+004
2021-12-24/12:01:51.696682        1.2067587e-013        4.4582332e+004        1.2258657e+004
2021-12-24/12:01:51.796682        0.0000000e+000        4.4580947e+004        1.2261918e+004
2021-12-24/12:01:51.896682        0.0000000e+000        4.4579556e+004        1.2265177e+004
2021-12-24/12:01:51.996683        0.0000000e+000        4.4578517e+004        1.2268171e+004
2021-12-24/12:01:52.096683        3.5173113e-012        4.4577154e+004        1.2271425e+004
2021-12-24/12:01:52.196682        1.2067587e-013        4.4575773e+004        1.2274687e+004
2021-12-24/12:01:52.296682        0.0000000e+000        4.4574383e+004        1.2277947e+004
2021-12-24/12:01:52.396682        3.5173029e-012        4.4572996e+004        1.2281207e+004
2021-12-24/12:01:52.496683        3.6379788e-012        4.4571602e+004        1.2284466e+004
2021-12-24/12:01:52.596683        1.2066748e-013        4.4570216e+004        1.2287725e+004
2021-12-24/12:01:52.696682       -3.5173029e-012        4.4568818e+004        1.2290982e+004
2021-12-24/12:01:52.796682        3.3966265e-012        4.4567431e+004        1.2294239e+004
2021-12-24/12:01:52.896682        1.2067587e-013        4.4566039e+004        1.2297496e+004
2021-12-24/12:01:52.996683       -3.5173113e-012        4.4564994e+004        1.2300486e+004
2021-12-24/12:01:53.096683       -1.2066748e-013        4.4563615e+004        1.2303735e+004
2021-12-24/12:01:53.196682        3.5173029e-012        4.4562227e+004        1.2306993e+004
2021-12-24/12:01:53.296682       -3.3966265e-012        4.4560841e+004        1.2310252e+004
2021-12-24/12:01:53.396682       -1.2067587e-013        4.4559448e+004        1.2313508e+004
2021-12-24/12:01:53.496683        0.0000000e+000        4.4558053e+004        1.2316765e+004
2021-12-24/12:01:53.596683        0.0000000e+000        4.4556655e+004        1.2320020e+004
2021-12-24/12:01:53.696682        0.0000000e+000        4.4555255e+004        1.2323274e+004
2021-12-24/12:01:53.796682        3.5173027e-012        4.4553847e+004        1.2326527e+004
2021-12-24/12:01:53.896682        1.2067587e-013        4.4552432e+004        1.2329778e+004
2021-12-24/12:01:53.996683        0.0000000e+000        4.4551393e+004        1.2332766e+004
2021-12-24/12:01:54.096683        3.5173113e-012        4.4550019e+004        1.2336014e+004
2021-12-24/12:01:54.196682        3.6379788e-012        4.4548626e+004        1.2339270e+004
2021-12-24/12:01:54.296682        1.2067615e-013        4.4547224e+004        1.2342524e+004
2021-12-24/12:01:54.396682        0.0000000e+000        4.4545831e+004        1.2345778e+004
2021-12-24/12:01:54.496683       -3.5173113e-012        4.4544420e+004        1.2349030e+004
2021-12-24/12:01:54.596683       -1.2066748e-013        4.4543017e+004        1.2352282e+004
2021-12-24/12:01:54.696682        0.0000000e+000        4.4541617e+004        1.2355535e+004
2021-12-24/12:01:54.796682        0.0000000e+000        4.4540210e+004        1.2358785e+004
2021-12-24/12:01:54.896682        0.0000000e+000        4.4538800e+004        1.2362035e+004
2021-12-24/12:01:54.996683       -3.5173113e-012        4.4537752e+004        1.2365019e+004
2021-12-24/12:01:55.096683        3.3966438e-012        4.4536361e+004        1.2368262e+004
2021-12-24/12:01:55.196682        1.2067587e-013        4.4534970e+004        1.2371516e+004
2021-12-24/12:01:55.296682        3.5173027e-012        4.4533562e+004        1.2374766e+004
2021-12-24/12:01:55.396682        1.2067587e-013        4.4532152e+004        1.2378016e+004
2021-12-24/12:01:55.496683        0.0000000e+000        4.4530748e+004        1.2381264e+004
2021-12-24/12:01:55.596683        3.5173113e-012        4.4529344e+004        1.2384514e+004
2021-12-24/12:01:55.696682        1.2067587e-013        4.4527927e+004        1.2387761e+004
2021-12-24/12:01:55.796682        0.0000000e+000        4.4526518e+004        1.2391009e+004
2021-12-24/12:01:55.896682        3.5173029e-012        4.4525096e+004        1.2394255e+004
2021-12-24/12:01:55.996683        1.2066748e-013        4.4524037e+004        1.2397234e+004
2021-12-24/12:01:56.096683       -3.5173113e-012        4.4522651e+004        1.2400476e+004
2021-12-24/12:01:56.196682       -3.6379788e-012        4.4521240e+004        1.2403724e+004
2021-12-24/12:01:56.296682       -1.2067615e-013        4.4519832e+004        1.2406973e+004
2021-12-24/12:01:56.396682        0.0000000e+000        4.4518422e+004        1.2410221e+004
2021-12-24/12:01:56.496683       -3.5173113e-012        4.4517014e+004        1.2413468e+004
2021-12-24/12:01:56.596683       -3.6379788e-012        4.4515594e+004        1.2416713e+004
2021-12-24/12:01:56.696682        3.3966271e-012        4.4514172e+004        1.2419958e+004
2021-12-24/12:01:56.796682        1.2067615e-013        4.4512753e+004        1.2423202e+004
2021-12-24/12:01:56.896682        3.5173029e-012        4.4511331e+004        1.2426446e+004
2021-12-24/12:01:56.996683       -3.3966438e-012        4.4510283e+004        1.2429425e+004
2021-12-24/12:01:57.096683       -3.6379788e-012        4.4508876e+004        1.2432660e+004
2021-12-24/12:01:57.196682       -1.2067587e-013        4.4507463e+004        1.2435906e+004
2021-12-24/12:01:57.296682        3.5173027e-012        4.4506053e+004        1.2439152e+004
2021-12-24/12:01:57.396682        1.2067587e-013        4.4504631e+004        1.2442395e+004
2021-12-24/12:01:57.496683        3.5173113e-012        4.4503211e+004        1.2445639e+004
2021-12-24/12:01:57.596683        1.2066748e-013        4.4501794e+004        1.2448882e+004
2021-12-24/12:01:57.696682        0.0000000e+000        4.4500361e+004        1.2452122e+004
2021-12-24/12:01:57.796682        0.0000000e+000        4.4498939e+004        1.2455363e+004
2021-12-24/12:01:57.896682        0.0000000e+000        4.4497505e+004        1.2458603e+004
2021-12-24/12:01:57.996683       -3.5173113e-012        4.4496448e+004        1.2461577e+004
2021-12-24/12:01:58.096683       -1.2066748e-013        4.4495043e+004        1.2464808e+004
2021-12-24/12:01:58.196682        0.0000000e+000        4.4493620e+004        1.2468050e+004
2021-12-24/12:01:58.296682        0.0000000e+000        4.4492198e+004        1.2471292e+004
2021-12-24/12:01:58.396682       -3.5173029e-012        4.4490775e+004        1.2474532e+004
2021-12-24/12:01:58.496683       -1.2066748e-013        4.4489349e+004        1.2477772e+004
2021-12-24/12:01:58.596683        0.0000000e+000        4.4487916e+004        1.2481011e+004
2021-12-24/12:01:58.696682        0.0000000e+000        4.4486491e+004        1.2484250e+004
2021-12-24/12:01:58.796682        0.0000000e+000        4.4485063e+004        1.2487488e+004
2021-12-24/12:01:58.896682       -3.5173029e-012        4.4483624e+004        1.2490724e+004
2021-12-24/12:01:58.996683        3.3966438e-012        4.4482552e+004        1.2493693e+004
2021-12-24/12:01:59.096683        1.2066748e-013        4.4481141e+004        1.2496924e+004
2021-12-24/12:01:59.196682        0.0000000e+000        4.4479716e+004        1.2500163e+004
2021-12-24/12:01:59.296682        3.5173027e-012        4.4478289e+004        1.2503402e+004
2021-12-24/12:01:59.396682        3.6379788e-012        4.4476865e+004        1.2506640e+004
2021-12-24/12:01:59.496683       -3.3966438e-012        4.4475434e+004        1.2509877e+004
2021-12-24/12:01:59.596683       -1.2066748e-013        4.4474001e+004        1.2513113e+004
2021-12-24/12:01:59.696682        0.0000000e+000        4.4472555e+004        1.2516346e+004
2021-12-24/12:01:59.796682        0.0000000e+000        4.4471121e+004        1.2519581e+004
2021-12-24/12:01:59.896682        3.5173029e-012        4.4469681e+004        1.2522815e+004
2021-12-24/12:01:59.996683       -6.9139552e-012        4.4468609e+004        1.2525782e+004
2021-12-24/12:02:00.096683        3.2759764e-012        4.4467192e+004        1.2529009e+004
2021-12-24/12:02:00.196682        1.2067587e-013        4.4465762e+004        1.2532245e+004
2021-12-24/12:02:00.296682        3.5173027e-012        4.4464329e+004        1.2535480e+004
2021-12-24/12:02:00.396682        3.6379788e-012        4.4462893e+004        1.2538714e+004
2021-12-24/12:02:00.496683        1.2066748e-013        4.4461444e+004        1.2541946e+004
2021-12-24/12:02:00.596683        3.5173113e-012        4.4460010e+004        1.2545179e+004
2021-12-24/12:02:00.696682        1.2067587e-013        4.4458568e+004        1.2548411e+004
2021-12-24/12:02:00.796682        0.0000000e+000        4.4457127e+004        1.2551641e+004
2021-12-24/12:02:00.896682        0.0000000e+000        4.4455680e+004        1.2554871e+004
2021-12-24/12:02:00.996683        0.0000000e+000        4.4454604e+004        1.2557834e+004
2021-12-24/12:02:01.096683        0.0000000e+000        4.4453176e+004        1.2561058e+004
2021-12-24/12:02:01.196682       -7.0346059e-012        4.4451740e+004        1.2564290e+004
2021-12-24/12:02:01.296682        3.2759503e-012        4.4450300e+004        1.2567522e+004
2021-12-24/12:02:01.396682       -3.3966271e-012        4.4448854e+004        1.2570752e+004
2021-12-24/12:02:01.496683       -1.2066748e-013        4.4447415e+004        1.2573983e+004
2021-12-24/12:02:01.596683        3.5173113e-012        4.4445965e+004        1.2577212e+004
2021-12-24/12:02:01.696682       -3.3966271e-012        4.4444526e+004        1.2580442e+004
2021-12-24/12:02:01.796682       -1.2067615e-013        4.4443071e+004        1.2583669e+004
2021-12-24/12:02:01.896697        3.5178494e-012        4.4441608e+004        1.2586894e+004
2021-12-24/12:02:01.996697       -3.3977194e-012        4.4440531e+004        1.2589855e+004
2021-12-24/12:02:02.096697       -3.6379788e-012        4.4439103e+004        1.2593076e+004
2021-12-24/12:02:02.196697       -1.2012943e-013        4.4437666e+004        1.2596306e+004
2021-12-24/12:02:02.296698        0.0000000e+000        4.4436220e+004        1.2599534e+004
2021-12-24/12:02:02.396697        0.0000000e+000        4.4434773e+004        1.2602762e+004
2021-12-24/12:02:02.496697        0.0000000e+000        4.4433318e+004        1.2605988e+004
2021-12-24/12:02:02.596697        3.5178491e-012        4.4431866e+004        1.2609214e+004
2021-12-24/12:02:02.696697       -3.3977199e-012        4.4430417e+004        1.2612440e+004
2021-12-24/12:02:02.796698       -1.2012104e-013        4.4428955e+004        1.2615663e+004
2021-12-24/12:02:02.896697        0.0000000e+000        4.4427496e+004        1.2618886e+004
2021-12-24/12:02:02.996697        0.0000000e+000        4.4426410e+004        1.2621843e+004
2021-12-24/12:02:03.096697        3.5178491e-012        4.4424971e+004        1.2625059e+004
2021-12-24/12:02:03.196697       -3.3977199e-012        4.4423527e+004        1.2628286e+004
2021-12-24/12:02:03.296698       -1.2012104e-013        4.4422075e+004        1.2631511e+004
2021-12-24/12:02:03.396697       -3.5178494e-012        4.4420617e+004        1.2634735e+004
2021-12-24/12:02:03.496697       -1.2012972e-013        4.4419169e+004        1.2637949e+004
2021-12-24/12:02:03.596697       -3.5178491e-012        4.4417711e+004        1.2641171e+004
2021-12-24/12:02:03.696697       -3.6379788e-012        4.4416246e+004        1.2644392e+004
2021-12-24/12:02:03.796698       -1.2012104e-013        4.4414788e+004        1.2647614e+004
2021-12-24/12:02:03.896697        3.5178494e-012        4.4413318e+004        1.2650833e+004
2021-12-24/12:02:03.996697        3.6379788e-012        4.4412233e+004        1.2653786e+004
2021-12-24/12:02:04.096697        1.2012972e-013        4.4410797e+004        1.2657001e+004
2021-12-24/12:02:04.196697        0.0000000e+000        4.4409326e+004        1.2660221e+004
2021-12-24/12:02:04.296698        0.0000000e+000        4.4407872e+004        1.2663443e+004
2021-12-24/12:02:06.896682        1.2067587e-013        4.4370412e+004        1.2746496e+004
2021-12-24/12:02:06.996683        0.0000000e+000        4.4369312e+004        1.2749439e+004
2021-12-24/12:02:07.096683        3.5173113e-012        4.4367848e+004        1.2752641e+004
2021-12-24/12:02:07.196682        3.6379788e-012        4.4366368e+004        1.2755852e+004
2021-12-24/12:02:07.296682        1.2067615e-013        4.4364891e+004        1.2759063e+004
2021-12-24/12:02:07.396682        0.0000000e+000        4.4363413e+004        1.2762273e+004
2021-12-24/12:02:07.496683        0.0000000e+000        4.4361932e+004        1.2765483e+004
2021-12-24/12:02:07.596683        0.0000000e+000        4.4360448e+004        1.2768691e+004
2021-12-24/12:02:07.696682        0.0000000e+000        4.4358963e+004        1.2771899e+004
2021-12-24/12:02:07.796682        0.0000000e+000        4.4357480e+004        1.2775106e+004
2021-12-24/12:02:07.896682        0.0000000e+000        4.4355979e+004        1.2778310e+004
2021-12-24/12:02:07.996683        3.5173113e-012        4.4354864e+004        1.2781248e+004
2021-12-24/12:02:08.096683        1.2066748e-013        4.4353404e+004        1.2784448e+004
2021-12-24/12:02:08.196682       -3.5173029e-012        4.4351923e+004        1.2787657e+004
2021-12-24/12:02:08.296682       -1.2067615e-013        4.4350446e+004        1.2790865e+004
2021-12-24/12:02:08.396682        0.0000000e+000        4.4348957e+004        1.2794071e+004
2021-12-24/12:02:08.496683        0.0000000e+000        4.4347469e+004        1.2797277e+004
2021-12-24/12:02:08.596683       -3.5173113e-012        4.4345979e+004        1.2800481e+004
2021-12-24/12:02:08.696682       -3.6379788e-012        4.4344483e+004        1.2803685e+004
2021-12-24/12:02:08.796682       -7.1552815e-012        4.4342997e+004        1.2806884e+004
2021-12-24/12:02:08.896682        3.2759512e-012        4.4341501e+004        1.2810086e+004
2021-12-24/12:02:08.996683        1.2066748e-013        4.4340381e+004        1.2813020e+004
2021-12-24/12:02:09.096683        3.5173113e-012        4.4338908e+004        1.2816216e+004
2021-12-24/12:02:09.196682        3.6379788e-012        4.4337422e+004        1.2819420e+004
2021-12-24/12:02:09.296682        1.2067615e-013        4.4335933e+004        1.2822624e+004
2021-12-24/12:02:09.396682       -3.5173029e-012        4.4334436e+004        1.2825825e+004
2021-12-24/12:02:09.496683        3.3966438e-012        4.4332942e+004        1.2829027e+004
2021-12-24/12:02:09.596683        1.2066748e-013        4.4331446e+004        1.2832228e+004
2021-12-24/12:02:09.696682        3.5173029e-012        4.4329953e+004        1.2835429e+004
2021-12-24/12:02:09.796682        1.2067615e-013        4.4328447e+004        1.2838628e+004
2021-12-24/12:02:09.896682        3.5173029e-012        4.4326949e+004        1.2841827e+004
2021-12-24/12:02:09.996683        3.6379788e-012        4.4325829e+004        1.2844757e+004
2021-12-24/12:02:10.096683        1.2066748e-013        4.4324351e+004        1.2847950e+004
2021-12-24/12:02:10.196682        3.5173029e-012        4.4322854e+004        1.2851150e+004
2021-12-24/12:02:10.296682       -3.3966265e-012        4.4321359e+004        1.2854351e+004
2021-12-24/12:02:10.396682       -1.2067587e-013        4.4319861e+004        1.2857550e+004
2021-12-24/12:02:10.496683        3.5173113e-012        4.4318362e+004        1.2860749e+004
2021-12-24/12:02:10.596683        3.6379788e-012        4.4316856e+004        1.2863946e+004
2021-12-24/12:02:10.696682        3.6379788e-012        4.4315362e+004        1.2867145e+004
2021-12-24/12:02:10.796682       -3.3966265e-012        4.4313845e+004        1.2870339e+004
2021-12-24/12:02:10.896682        3.3966271e-012        4.4312337e+004        1.2873534e+004
2021-12-24/12:02:10.996683        7.1552901e-012        4.4311212e+004        1.2876461e+004
2021-12-24/12:02:11.096683        2.4133496e-013        4.4309728e+004        1.2879650e+004
2021-12-24/12:02:11.196682        3.5173029e-012        4.4308229e+004        1.2882848e+004
2021-12-24/12:02:11.296682        1.2067615e-013        4.4306727e+004        1.2886044e+004
2021-12-24/12:02:11.396682        3.5173029e-012        4.4305222e+004        1.2889240e+004
2021-12-24/12:02:11.496683        1.2066748e-013        4.4303721e+004        1.2892433e+004
2021-12-24/12:02:11.596683       -3.5173113e-012        4.4302217e+004        1.2895628e+004
2021-12-24/12:02:11.696682       -1.2067587e-013        4.4300701e+004        1.2898820e+004
2021-12-24/12:02:11.796682       -3.5173027e-012        4.4299189e+004        1.2902012e+004
2021-12-24/12:02:24.396697        0.0000000e+000        4.4109238e+004        1.3297711e+004
2021-12-24/12:02:24.496697        3.5178491e-012        4.4107654e+004        1.3300857e+004
2021-12-24/12:02:24.596697        1.2012972e-013        4.4106069e+004        1.3304002e+004
2021-12-24/12:02:24.696697        0.0000000e+000        4.4104470e+004        1.3307143e+004
2021-12-24/12:02:24.796698        0.0000000e+000        4.4102874e+004        1.3310285e+004
2021-12-24/12:02:24.896697        3.5178494e-012        4.4101280e+004        1.3313425e+004
2021-12-24/12:02:24.996697        3.6379788e-012        4.4100090e+004        1.3316297e+004
2021-12-24/12:02:25.096697       -3.3977194e-012        4.4098509e+004        1.3319430e+004
2021-12-24/12:02:25.196697       -3.6379788e-012        4.4096920e+004        1.3322573e+004
2021-12-24/12:02:25.296698       -1.2012104e-013        4.4095329e+004        1.3325716e+004
2021-12-24/12:02:25.396697        0.0000000e+000        4.4093737e+004        1.3328857e+004
2021-12-24/12:02:25.496697        0.0000000e+000        4.4092142e+004        1.3331998e+004
2021-12-24/12:02:25.596697        7.0356982e-012        4.4090550e+004        1.3335139e+004
2021-12-24/12:02:25.696697        3.7581082e-012        4.4088950e+004        1.3338278e+004
2021-12-24/12:02:25.796698        1.2012104e-013        4.4087348e+004        1.3341416e+004
2021-12-24/12:02:25.896697        0.0000000e+000        4.4085733e+004        1.3344550e+004
2021-12-24/12:02:25.996697       -3.5178491e-012        4.4084539e+004        1.3347419e+004
2021-12-24/12:02:26.096697        3.3977194e-012        4.4082960e+004        1.3350549e+004
2021-12-24/12:02:26.196697        1.2012943e-013        4.4081369e+004        1.3353689e+004
2021-12-24/12:02:26.296698       -3.5178578e-012        4.4079762e+004        1.3356825e+004
2021-12-24/12:02:26.396697       -1.2012943e-013        4.4078162e+004        1.3359963e+004
2021-12-24/12:02:26.496697        0.0000000e+000        4.4076570e+004        1.3363101e+004
2021-12-24/12:02:26.596697        3.5178491e-012        4.4074955e+004        1.3366234e+004
2021-12-24/12:02:26.696697       -3.3977199e-012        4.4073343e+004        1.3369368e+004
2021-12-24/12:02:26.796698       -1.2012104e-013        4.4071734e+004        1.3372501e+004
2021-12-24/12:02:26.896682       -3.5173029e-012        4.4070127e+004        1.3375634e+004
2021-12-24/12:02:26.996683        3.3966438e-012        4.4068917e+004        1.3378496e+004
2021-12-24/12:02:27.096683       -3.3966438e-012        4.4067331e+004        1.3381622e+004
2021-12-24/12:02:27.196682       -7.1552817e-012        4.4065733e+004        1.3384758e+004
2021-12-24/12:02:27.296682       -2.4135231e-013        4.4064119e+004        1.3387890e+004
2021-12-24/12:02:27.396682        3.5173029e-012        4.4062523e+004        1.3391025e+004
2021-12-24/12:02:27.496683        1.2066748e-013        4.4060909e+004        1.3394156e+004
2021-12-24/12:02:27.596683        3.5173113e-012        4.4059307e+004        1.3397286e+004
2021-12-24/12:02:27.696682        1.2067587e-013        4.4057699e+004        1.3400417e+004
2021-12-24/12:02:27.796682        3.5173027e-012        4.4056078e+004        1.3403545e+004
2021-12-24/12:02:27.896682        3.6379788e-012        4.4054459e+004        1.3406673e+004
2021-12-24/12:02:27.996683        1.2066748e-013        4.4053253e+004        1.3409533e+004
2021-12-24/12:02:28.096683        3.5173113e-012        4.4051652e+004        1.3412653e+004
2021-12-24/12:02:28.196682        3.6379788e-012        4.4050043e+004        1.3415784e+004
2021-12-24/12:02:28.296682       -3.3966265e-012        4.4048439e+004        1.3418916e+004
2021-12-24/12:02:28.396682        3.3966271e-012        4.4046822e+004        1.3422044e+004
2021-12-24/12:02:28.496683        3.6379788e-012        4.4045207e+004        1.3425172e+004
2021-12-24/12:02:28.596683        3.6379788e-012        4.4043590e+004        1.3428299e+004
2021-12-24/12:02:28.696682        7.1552817e-012        4.4041970e+004        1.3431426e+004
2021-12-24/12:02:28.796682        2.4135231e-013        4.4040355e+004        1.3434553e+004
2021-12-24/12:02:28.896682        3.5173029e-012        4.4038720e+004        1.3437675e+004
2021-12-24/12:02:28.996683        1.2066748e-013        4.4037510e+004        1.3440530e+004
2021-12-24/12:02:29.096683        0.0000000e+000        4.4035912e+004        1.3443649e+004
2021-12-24/12:02:29.196682       -3.5173029e-012        4.4034292e+004        1.3446774e+004
2021-12-24/12:02:29.296682       -3.6379788e-012        4.4032680e+004        1.3449901e+004
2021-12-24/12:02:29.396682       -1.2067587e-013        4.4031061e+004        1.3453026e+004
2021-12-24/12:02:29.496683        0.0000000e+000        4.4029440e+004        1.3456150e+004
2021-12-24/12:02:29.596683        0.0000000e+000        4.4027811e+004        1.3459272e+004
2021-12-24/12:02:29.696682       -3.5173029e-012        4.4026179e+004        1.3462392e+004
2021-12-24/12:02:29.796682       -1.2067615e-013        4.4024555e+004        1.3465514e+004
2021-12-24/12:02:29.896682       -3.5173029e-012        4.4022925e+004        1.3468634e+004
2021-12-24/12:02:29.996683        3.3966438e-012        4.4021699e+004        1.3471483e+004
2021-12-24/12:02:30.096683        3.6379788e-012        4.4020094e+004        1.3474597e+004
2021-12-24/12:02:30.196682        1.2067587e-013        4.4018481e+004        1.3477717e+004
2021-12-24/12:02:30.296682        3.5173027e-012        4.4016853e+004        1.3480837e+004
2021-12-24/12:02:30.396682        3.6379788e-012        4.4015227e+004        1.3483958e+004
2021-12-24/12:02:30.496683        7.1552901e-012        4.4013598e+004        1.3487077e+004
2021-12-24/12:02:30.596683        2.4133496e-013        4.4011967e+004        1.3490195e+004
2021-12-24/12:02:30.696682        3.5173029e-012        4.4010334e+004        1.3493313e+004
2021-12-24/12:02:30.796682       -3.3966265e-012        4.4008699e+004        1.3496429e+004
2021-12-24/12:02:30.896682       -3.6379788e-012        4.4007061e+004        1.3499545e+004
2021-12-24/12:02:30.996683        3.3966438e-012        4.4005835e+004        1.3502390e+004
2021-12-24/12:02:31.096683        1.2066748e-013        4.4004219e+004        1.3505499e+004
2021-12-24/12:02:31.196682        3.5173029e-012        4.4002591e+004        1.3508617e+004
2021-12-24/12:02:31.296682        1.2067615e-013        4.4000962e+004        1.3511735e+004
2021-12-24/12:02:31.396682        0.0000000e+000        4.3999325e+004        1.3514850e+004
2021-12-24/12:02:31.496683        0.0000000e+000        4.3997696e+004        1.3517967e+004
2021-12-24/12:02:31.596683        3.5173113e-012        4.3996061e+004        1.3521082e+004
2021-12-24/12:02:31.696682        1.2067587e-013        4.3994427e+004        1.3524197e+004
2021-12-24/12:02:31.796682        3.5173027e-012        4.3992786e+004        1.3527310e+004
2021-12-24/12:02:31.896682        3.6379788e-012        4.3991133e+004        1.3530419e+004
2021-12-24/12:02:31.996683        1.2066748e-013        4.3989902e+004        1.3533261e+004
2021-12-24/12:02:32.096683        0.0000000e+000        4.3988283e+004        1.3536366e+004
2021-12-24/12:02:32.196682        0.0000000e+000        4.3986649e+004        1.3539480e+004
2021-12-24/12:02:32.296682        3.5173027e-012        4.3985012e+004        1.3542592e+004
2021-12-24/12:02:32.396682        3.6379788e-012        4.3983377e+004        1.3545705e+004
2021-12-24/12:02:32.496683        1.2066748e-013        4.3981726e+004        1.3548814e+004
2021-12-24/12:02:32.596683        3.5173113e-012        4.3980087e+004        1.3551924e+004
2021-12-24/12:02:32.696682        1.2067587e-013        4.3978440e+004        1.3555033e+004
2021-12-24/12:02:32.796682        0.0000000e+000        4.3976781e+004        1.3558139e+004
2021-12-24/12:02:32.896682        0.0000000e+000        4.3975140e+004        1.3561248e+004
2021-12-24/12:02:32.996683       -3.5173113e-012        4.3973899e+004        1.3564084e+004
2021-12-24/12:02:33.096683        3.3966438e-012        4.3972280e+004        1.3567186e+004
2021-12-24/12:02:33.196682       -3.3966271e-012        4.3970640e+004        1.3570296e+004
2021-12-24/12:02:33.296682       -1.2067615e-013        4.3968987e+004        1.3573402e+004
2021-12-24/12:02:33.396682        0.0000000e+000        4.3967348e+004        1.3576511e+004
2021-12-24/12:02:33.496683        0.0000000e+000        4.3965700e+004        1.3579618e+004
2021-12-24/12:02:33.596683        0.0000000e+000        4.3964051e+004        1.3582724e+004
2021-12-24/12:02:33.696682        3.5173029e-012        4.3962399e+004        1.3585829e+004
2021-12-24/12:02:33.796682       -3.3966265e-012        4.3960745e+004        1.3588933e+004
2021-12-24/12:02:33.896682       -1.2067587e-013        4.3959089e+004        1.3592036e+004
2021-12-24/12:02:33.996683        3.5173113e-012        4.3957838e+004        1.3594866e+004
2021-12-24/12:02:34.096683       -3.3966438e-012        4.3956217e+004        1.3597966e+004
2021-12-24/12:02:34.196682       -3.6379788e-012        4.3954559e+004        1.3601069e+004
2021-12-24/12:02:34.296682        6.9139292e-012        4.3952915e+004        1.3604174e+004
2021-12-24/12:02:34.396682        2.4135173e-013        4.3951263e+004        1.3607277e+004
2021-12-24/12:02:34.496683        0.0000000e+000        4.3949604e+004        1.3610379e+004
2021-12-24/12:02:34.596683        0.0000000e+000        4.3947958e+004        1.3613483e+004
2021-12-24/12:02:34.696682       -3.5173029e-012        4.3946293e+004        1.3616582e+004
2021-12-24/12:02:34.796682       -1.2067615e-013        4.3944622e+004        1.3619679e+004
2021-12-24/12:02:34.896682        0.0000000e+000        4.3942964e+004        1.3622778e+004
2021-12-24/12:02:34.996683        3.5173113e-012        4.3941717e+004        1.3625607e+004
2021-12-24/12:02:35.096683        1.2066748e-013        4.3940075e+004        1.3628698e+004
2021-12-24/12:02:35.196682       -3.5173029e-012        4.3938420e+004        1.3631799e+004
2021-12-24/12:02:35.296682       -1.2067615e-013        4.3936774e+004        1.3634901e+004
2021-12-24/12:02:35.396682        0.0000000e+000        4.3935111e+004        1.3637998e+004
2021-12-24/12:02:35.496683        3.5173113e-012        4.3933450e+004        1.3641096e+004
2021-12-24/12:02:35.596683        3.6379788e-012        4.3931791e+004        1.3644188e+004
2021-12-24/12:02:35.696682        1.2067587e-013        4.3930119e+004        1.3647283e+004
2021-12-24/12:02:35.796682        0.0000000e+000        4.3928457e+004        1.3650379e+004
2021-12-24/12:02:35.896682        3.5173029e-012        4.3926782e+004        1.3653472e+004
2021-12-24/12:02:35.996683        1.2066748e-013        4.3925529e+004        1.3656295e+004
2021-12-24/12:02:36.096683        3.5173113e-012        4.3923891e+004        1.3659385e+004
2021-12-24/12:02:36.196682        1.2067587e-013        4.3922232e+004        1.3662482e+004
2021-12-24/12:02:36.296682        0.0000000e+000        4.3920560e+004        1.3665575e+004
2021-12-24/12:02:36.396682        0.0000000e+000        4.3918900e+004        1.3668671e+004
2021-12-24/12:02:36.496683        0.0000000e+000        4.3917234e+004        1.3671765e+004
2021-12-24/12:02:36.596683        3.5173113e-012        4.3915559e+004        1.3674856e+004
2021-12-24/12:02:36.696682        3.6379788e-012        4.3913893e+004        1.3677950e+004
2021-12-24/12:02:36.796682        1.2067615e-013        4.3912215e+004        1.3681039e+004
2021-12-24/12:02:41.896697       -3.6379788e-012        4.3828340e+004        1.3836727e+004
2021-12-24/12:02:41.996697       -1.2012972e-013        4.3827057e+004        1.3839523e+004
2021-12-24/12:02:42.096697        0.0000000e+000        4.3825373e+004        1.3842584e+004
2021-12-24/12:02:42.196697       -3.5178494e-012        4.3823668e+004        1.3845653e+004
2021-12-24/12:02:42.296698       -1.2012104e-013        4.3821966e+004        1.3848721e+004
2021-12-24/12:02:42.396697       -3.5178494e-012        4.3820261e+004        1.3851788e+004
2021-12-24/12:02:42.496697       -1.2012972e-013        4.3818548e+004        1.3854853e+004
2021-12-24/12:02:42.596697        0.0000000e+000        4.3816845e+004        1.3857920e+004
2021-12-24/12:02:42.696697        0.0000000e+000        4.3815133e+004        1.3860984e+004
2021-12-24/12:02:42.796698        3.5178578e-012        4.3813419e+004        1.3864048e+004
2021-12-24/12:02:42.896697       -3.3977199e-012        4.3811708e+004        1.3867111e+004
2021-12-24/12:02:42.996697       -1.2012972e-013        4.3810404e+004        1.3869899e+004
2021-12-24/12:02:43.096697        7.0356982e-012        4.3808724e+004        1.3872958e+004
2021-12-24/12:02:43.196697        2.4025886e-013        4.3807018e+004        1.3876023e+004
2021-12-24/12:02:43.296698        0.0000000e+000        4.3805305e+004        1.3879086e+004
2021-12-24/12:02:43.396697        0.0000000e+000        4.3803594e+004        1.3882149e+004
2021-12-24/12:02:43.496697       -7.0356982e-012        4.3801880e+004        1.3885210e+004
2021-12-24/12:02:43.596697       -3.7581085e-012        4.3800163e+004        1.3888274e+004
2021-12-24/12:02:43.696697       -1.2012943e-013        4.3798445e+004        1.3891334e+004
2021-12-24/12:02:43.796698        0.0000000e+000        4.3796730e+004        1.3894394e+004
2021-12-24/12:02:43.896697        0.0000000e+000        4.3794997e+004        1.3897450e+004
2021-12-24/12:02:43.996697        3.5178491e-012        4.3793709e+004        1.3900238e+004
2021-12-24/12:02:44.096697       -6.9155685e-012        4.3792017e+004        1.3903291e+004
2021-12-24/12:02:44.196697       -2.4025886e-013        4.3790299e+004        1.3906350e+004
2021-12-24/12:02:44.296698       -3.5178578e-012        4.3788589e+004        1.3909410e+004
2021-12-24/12:02:44.396697       -3.6379788e-012        4.3786871e+004        1.3912468e+004
2021-12-24/12:02:44.496697       -1.2012972e-013        4.3785145e+004        1.3915524e+004
2021-12-24/12:02:44.596697       -3.5178491e-012        4.3783422e+004        1.3918580e+004
2021-12-24/12:02:44.696697       -7.1558282e-012        4.3781697e+004        1.3921635e+004
2021-12-24/12:02:44.796698       -3.7580998e-012        4.3779970e+004        1.3924689e+004
2021-12-24/12:02:44.896697       -1.2012943e-013        4.3778240e+004        1.3927742e+004
2021-12-24/12:02:44.996697       -3.5178491e-012        4.3776941e+004        1.3930524e+004
2021-12-24/12:02:45.096697       -1.2012972e-013        4.3775234e+004        1.3933570e+004
2021-12-24/12:02:45.196697        0.0000000e+000        4.3773519e+004        1.3936627e+004
2021-12-24/12:02:45.296698       -3.5178578e-012        4.3771787e+004        1.3939679e+004
2021-12-24/12:02:45.396697       -1.2012943e-013        4.3770063e+004        1.3942732e+004
2021-12-24/12:02:45.496697        0.0000000e+000        4.3768337e+004        1.3945784e+004
2021-12-24/12:02:45.596697        0.0000000e+000        4.3766613e+004        1.3948837e+004
2021-12-24/12:02:45.696697       -3.5178494e-012        4.3764877e+004        1.3951886e+004
2021-12-24/12:02:45.796698        3.3977367e-012        4.3763143e+004        1.3954936e+004
2021-12-24/12:02:45.896697       -3.3977199e-012        4.3761409e+004        1.3957984e+004
2021-12-24/12:02:45.996697       -1.2012972e-013        4.3760115e+004        1.3960764e+004
2021-12-24/12:02:46.096697        0.0000000e+000        4.3758396e+004        1.3963804e+004
2021-12-24/12:02:46.196697        0.0000000e+000        4.3756663e+004        1.3966854e+004
2021-12-24/12:02:46.296698        0.0000000e+000        4.3754948e+004        1.3969904e+004
2021-12-24/12:02:46.396697        3.5178494e-012        4.3753213e+004        1.3972952e+004
2021-12-24/12:02:46.496697        3.6379788e-012        4.3751484e+004        1.3976001e+004
2021-12-24/12:02:46.596697       -3.3977194e-012        4.3749748e+004        1.3979047e+004
2021-12-24/12:02:46.696697        3.3977199e-012        4.3748005e+004        1.3982092e+004
2021-12-24/12:02:46.796698       -3.3977367e-012        4.3746265e+004        1.3985136e+004
2021-12-24/12:02:46.896682       -1.2067587e-013        4.3744512e+004        1.3988177e+004
2021-12-24/12:02:46.996683        0.0000000e+000        4.3743207e+004        1.3990951e+004
2021-12-24/12:02:47.096683        0.0000000e+000        4.3741491e+004        1.3993989e+004
2021-12-24/12:02:47.196682        7.0346059e-012        4.3739759e+004        1.3997035e+004
2021-12-24/12:02:47.296682        1.0793260e-011        4.3738023e+004        1.4000080e+004
2021-12-24/12:02:47.396682       -3.1552753e-012        4.3736291e+004        1.4003125e+004
2021-12-24/12:02:47.496683       -3.6379788e-012        4.3734541e+004        1.4006166e+004
2021-12-24/12:02:47.596683       -3.6379788e-012        4.3732799e+004        1.4009208e+004
2021-12-24/12:02:47.696682        3.3966271e-012        4.3731059e+004        1.4012250e+004
2021-12-24/12:02:47.796682       -3.3966265e-012        4.3729307e+004        1.4015289e+004
2021-12-24/12:02:47.896682       -3.6379788e-012        4.3727562e+004        1.4018329e+004
2021-12-24/12:02:47.996683       -1.2066748e-013        4.3726248e+004        1.4021097e+004
2021-12-24/12:02:48.096683       -3.5173113e-012        4.3724521e+004        1.4024129e+004
2021-12-24/12:02:48.196682       -1.2067587e-013        4.3722787e+004        1.4027172e+004
2021-12-24/12:02:48.296682        3.5173027e-012        4.3721040e+004        1.4030211e+004
2021-12-24/12:02:48.396682        3.6379788e-012        4.3719291e+004        1.4033248e+004
2021-12-24/12:02:48.496683        1.2066748e-013        4.3717544e+004        1.4036287e+004
2021-12-24/12:02:48.596683        3.5173113e-012        4.3715795e+004        1.4039324e+004
2021-12-24/12:02:48.696682        1.2067587e-013        4.3714044e+004        1.4042360e+004
2021-12-24/12:02:48.796682        3.5173027e-012        4.3712290e+004        1.4045395e+004
2021-12-24/12:02:48.896682       -6.9139300e-012        4.3710540e+004        1.4048430e+004
2021-12-24/12:02:48.996683       -2.4133496e-013        4.3709215e+004        1.4051189e+004
2021-12-24/12:02:49.096683       -7.0346227e-012        4.3707486e+004        1.4054218e+004
2021-12-24/12:02:49.196682       -3.7586547e-012        4.3705749e+004        1.4057257e+004
2021-12-24/12:02:49.296682       -7.1552815e-012        4.3703997e+004        1.4060291e+004
2021-12-24/12:03:04.396697        0.0000000e+000        4.3438597e+004        1.4508509e+004
2021-12-24/12:03:04.496697       -3.5178491e-012        4.3436744e+004        1.4511467e+004
2021-12-24/12:03:04.596697       -1.2012972e-013        4.3434878e+004        1.4514420e+004
2021-12-24/12:03:04.696697       -3.5178494e-012        4.3433025e+004        1.4517376e+004
2021-12-24/12:03:04.796698       -1.2012104e-013        4.3431164e+004        1.4520331e+004
2021-12-24/12:03:04.896697        0.0000000e+000        4.3429302e+004        1.4523284e+004
2021-12-24/12:03:04.996697       -3.5178491e-012        4.3427897e+004        1.4525963e+004
2021-12-24/12:03:05.096697       -3.6379788e-012        4.3426061e+004        1.4528910e+004
2021-12-24/12:03:05.196697        3.3977199e-012        4.3424213e+004        1.4531867e+004
2021-12-24/12:03:05.296698       -3.3977367e-012        4.3422352e+004        1.4534820e+004
2021-12-24/12:03:05.396697       -1.2012943e-013        4.3420494e+004        1.4537773e+004
2021-12-24/12:03:05.496697        0.0000000e+000        4.3418634e+004        1.4540725e+004
2021-12-24/12:03:05.596697        3.5178491e-012        4.3416771e+004        1.4543676e+004
2021-12-24/12:03:05.696697        1.2012943e-013        4.3414900e+004        1.4546624e+004
2021-12-24/12:03:05.796698        0.0000000e+000        4.3413038e+004        1.4549574e+004
2021-12-24/12:03:05.896697        0.0000000e+000        4.3411164e+004        1.4552520e+004
2021-12-24/12:03:05.996697        0.0000000e+000        4.3409754e+004        1.4555197e+004
2021-12-24/12:03:06.096697        3.5178491e-012        4.3407906e+004        1.4558138e+004
2021-12-24/12:03:06.196697        1.2012943e-013        4.3406047e+004        1.4561088e+004
2021-12-24/12:03:06.296698        7.0357155e-012        4.3404191e+004        1.4564039e+004
2021-12-24/12:03:06.396697       -3.2775905e-012        4.3402321e+004        1.4566986e+004
2021-12-24/12:03:06.496697       -1.2012972e-013        4.3400455e+004        1.4569933e+004
2021-12-24/12:03:06.596697        0.0000000e+000        4.3398592e+004        1.4572880e+004
2021-12-24/12:03:06.696697       -3.5178494e-012        4.3396720e+004        1.4575825e+004
2021-12-24/12:03:06.796698       -1.2012104e-013        4.3394847e+004        1.4578769e+004
2021-12-24/12:03:06.896697        0.0000000e+000        4.3392966e+004        1.4581710e+004
2021-12-24/12:03:06.996697       -3.5178491e-012        4.3391552e+004        1.4584382e+004
2021-12-24/12:03:07.096697       -1.2012972e-013        4.3389708e+004        1.4587320e+004
2021-12-24/12:03:07.196697       -7.0356988e-012        4.3387836e+004        1.4590264e+004
2021-12-24/12:03:07.296698        3.2776157e-012        4.3385967e+004        1.4593208e+004
2021-12-24/12:03:07.396697        3.6379788e-012        4.3384096e+004        1.4596150e+004
2021-12-24/12:03:07.496697        1.2012972e-013        4.3382217e+004        1.4599090e+004
2021-12-24/12:03:07.596697       -3.5178491e-012        4.3380351e+004        1.4602034e+004
2021-12-24/12:03:07.696697        3.3977199e-012        4.3378472e+004        1.4604970e+004
2021-12-24/12:03:07.796698        3.6379788e-012        4.3376582e+004        1.4607905e+004
2021-12-24/12:03:07.896697        3.6379788e-012        4.3374709e+004        1.4610845e+004
2021-12-24/12:03:07.996697       -6.9155685e-012        4.3373289e+004        1.4613512e+004
2021-12-24/12:03:08.096697       -7.2759576e-012        4.3371428e+004        1.4616442e+004
2021-12-24/12:03:08.196697        3.2775905e-012        4.3369560e+004        1.4619383e+004
2021-12-24/12:03:08.296698        1.2012104e-013        4.3367680e+004        1.4622320e+004
2021-12-24/12:03:08.396697       -7.0356988e-012        4.3365796e+004        1.4625255e+004
2021-12-24/12:03:08.496697       -3.7581085e-012        4.3363921e+004        1.4628193e+004
2021-12-24/12:03:08.596697       -1.2012972e-013        4.3362039e+004        1.4631128e+004
2021-12-24/12:03:08.696697        0.0000000e+000        4.3360149e+004        1.4634060e+004
2021-12-24/12:03:08.796698        3.5178578e-012        4.3358267e+004        1.4636994e+004
2021-12-24/12:03:08.896697       -3.3977199e-012        4.3356372e+004        1.4639924e+004
2021-12-24/12:03:08.996697       -1.2012972e-013        4.3354947e+004        1.4642585e+004
2021-12-24/12:03:09.096697        0.0000000e+000        4.3353090e+004        1.4645513e+004
2021-12-24/12:03:09.196697        7.0356988e-012        4.3351200e+004        1.4648444e+004
2021-12-24/12:03:09.296698        7.2759576e-012        4.3349318e+004        1.4651377e+004
2021-12-24/12:03:09.396682        3.7586547e-012        4.3347434e+004        1.4654309e+004
2021-12-24/12:03:09.496683        3.6379788e-012        4.3345548e+004        1.4657240e+004
2021-12-24/12:03:09.596683       -6.9139552e-012        4.3343663e+004        1.4660171e+004
2021-12-24/12:03:09.696682       -3.7586547e-012        4.3341767e+004        1.4663098e+004
2021-12-24/12:03:09.796682       -7.1552815e-012        4.3339873e+004        1.4666025e+004
2021-12-24/12:03:09.896682       -2.4135173e-013        4.3337977e+004        1.4668952e+004
2021-12-24/12:03:09.996683        3.5173113e-012        4.3336547e+004        1.4671608e+004
2021-12-24/12:03:10.096683        3.6379788e-012        4.3334683e+004        1.4674530e+004
2021-12-24/12:03:10.196682        1.2067587e-013        4.3332792e+004        1.4677457e+004
2021-12-24/12:03:10.296682        0.0000000e+000        4.3330903e+004        1.4680385e+004
2021-12-24/12:03:10.396682        0.0000000e+000        4.3329017e+004        1.4683309e+004
2021-12-24/12:03:10.496683        0.0000000e+000        4.3327114e+004        1.4686231e+004
2021-12-24/12:03:10.596683        3.5173113e-012        4.3325218e+004        1.4689155e+004
2021-12-24/12:03:10.696682        1.2067587e-013        4.3323320e+004        1.4692078e+004
2021-12-24/12:03:10.796682        3.5173027e-012        4.3321419e+004        1.4695000e+004
2021-12-24/12:03:10.896682        1.2067587e-013        4.3319516e+004        1.4697921e+004
2021-12-24/12:03:10.996683        7.0346227e-012        4.3318076e+004        1.4700570e+004
2021-12-24/12:03:11.096683        3.7586463e-012        4.3316206e+004        1.4703487e+004
2021-12-24/12:03:11.196682        1.2067587e-013        4.3314312e+004        1.4706410e+004
2021-12-24/12:03:11.296682        0.0000000e+000        4.3312417e+004        1.4709332e+004
2021-12-24/12:03:11.396682       -3.5173029e-012        4.3310514e+004        1.4712251e+004
2021-12-24/12:03:11.496683       -1.2066748e-013        4.3308613e+004        1.4715171e+004
2021-12-24/12:03:11.596683        3.5173113e-012        4.3306711e+004        1.4718089e+004
2021-12-24/12:03:11.696682        1.2067587e-013        4.3304806e+004        1.4721007e+004
2021-12-24/12:03:11.796682        0.0000000e+000        4.3302899e+004        1.4723923e+004
2021-12-24/12:03:11.896682        3.5173029e-012        4.3300989e+004        1.4726838e+004
2021-12-24/12:03:11.996683        3.6379788e-012        4.3299548e+004        1.4729484e+004
2021-12-24/12:03:12.096683        1.2066748e-013        4.3297661e+004        1.4732392e+004
2021-12-24/12:03:12.196682       -3.5173029e-012        4.3295760e+004        1.4735309e+004
2021-12-24/12:03:12.296682       -3.6379788e-012        4.3293858e+004        1.4738226e+004
2021-12-24/12:03:12.396682       -3.6379788e-012        4.3291953e+004        1.4741141e+004
2021-12-24/12:03:12.496683       -1.2066748e-013        4.3290046e+004        1.4744055e+004
2021-12-24/12:03:12.596683        0.0000000e+000        4.3288142e+004        1.4746970e+004
2021-12-24/12:03:12.696682        3.5173029e-012        4.3286230e+004        1.4749882e+004
2021-12-24/12:03:12.796682        1.2067615e-013        4.3284311e+004        1.4752792e+004
2021-12-24/12:03:12.896682       -3.5173029e-012        4.3282384e+004        1.4755698e+004
2021-12-24/12:03:12.996683        3.3966438e-012        4.3280948e+004        1.4758335e+004
2021-12-24/12:03:13.096683        1.2066748e-013        4.3279064e+004        1.4761240e+004
2021-12-24/12:03:13.196682       -3.5173029e-012        4.3277152e+004        1.4764150e+004
2021-12-24/12:03:13.296682       -3.6379788e-012        4.3275242e+004        1.4767061e+004
2021-12-24/12:03:13.396682        3.3966271e-012        4.3273326e+004        1.4769969e+004
2021-12-24/12:03:13.496683        1.2066748e-013        4.3271416e+004        1.4772879e+004
2021-12-24/12:03:13.596683        0.0000000e+000        4.3269501e+004        1.4775786e+004
2021-12-24/12:03:13.696682        0.0000000e+000        4.3267571e+004        1.4778689e+004
2021-12-24/12:03:13.796682       -7.0346053e-012        4.3265660e+004        1.4781597e+004
2021-12-24/12:03:13.896682       -3.7586547e-012        4.3263737e+004        1.4784501e+004
2021-12-24/12:03:13.996683       -1.2066748e-013        4.3262280e+004        1.4787133e+004
2021-12-24/12:03:14.096683        7.0346227e-012        4.3260389e+004        1.4790033e+004
2021-12-24/12:03:14.196682       -3.2759512e-012        4.3258476e+004        1.4792940e+004
2021-12-24/12:03:14.296682       -1.2067615e-013        4.3256551e+004        1.4795843e+004
2021-12-24/12:03:24.396697        3.5178494e-012        4.3064132e+004        1.5083416e+004
2021-12-24/12:03:24.496697        1.2012972e-013        4.3062144e+004        1.5086262e+004
2021-12-24/12:03:24.596697        3.5178491e-012        4.3060149e+004        1.5089105e+004
2021-12-24/12:03:24.696697       -3.3977199e-012        4.3058162e+004        1.5091950e+004
2021-12-24/12:03:24.796698        3.3977367e-012        4.3056168e+004        1.5094792e+004
2021-12-24/12:03:24.896697        3.6379788e-012        4.3054162e+004        1.5097630e+004
2021-12-24/12:03:24.996697       -6.9155685e-012        4.3052656e+004        1.5100203e+004
2021-12-24/12:03:25.096697       -3.7581085e-012        4.3050688e+004        1.5103038e+004
2021-12-24/12:03:25.196697        3.3977199e-012        4.3048701e+004        1.5105882e+004
2021-12-24/12:03:25.296698       -6.9155945e-012        4.3046712e+004        1.5108725e+004
2021-12-24/12:03:25.396697       -3.7581082e-012        4.3044721e+004        1.5111566e+004
2021-12-24/12:03:25.496697        3.3977194e-012        4.3042733e+004        1.5114408e+004
2021-12-24/12:03:25.596697        3.6379788e-012        4.3040727e+004        1.5117244e+004
2021-12-24/12:03:25.696697        1.2012943e-013        4.3038729e+004        1.5120081e+004
2021-12-24/12:03:25.796698       -3.5178578e-012        4.3036733e+004        1.5122919e+004
2021-12-24/12:03:25.896697        3.3977199e-012        4.3034731e+004        1.5125755e+004
2021-12-24/12:03:25.996697        1.2012972e-013        4.3033210e+004        1.5128319e+004
2021-12-24/12:03:26.096697       -3.5178491e-012        4.3031234e+004        1.5131148e+004
2021-12-24/12:03:26.196697       -1.2012943e-013        4.3029235e+004        1.5133984e+004
2021-12-24/12:03:26.296698       -3.5178578e-012        4.3027250e+004        1.5136824e+004
2021-12-24/12:03:26.396697       -1.2012943e-013        4.3025246e+004        1.5139651e+004
2021-12-24/12:03:26.496697        3.5178491e-012        4.3023245e+004        1.5142484e+004
2021-12-24/12:03:26.596697        1.2012972e-013        4.3021247e+004        1.5145319e+004
2021-12-24/12:03:26.696697        3.5178494e-012        4.3019241e+004        1.5148150e+004
2021-12-24/12:03:26.796698       -6.9155945e-012        4.3017228e+004        1.5150979e+004
2021-12-24/12:03:46.896697        3.5178494e-012        4.2611309e+004        1.5702078e+004
2021-12-24/12:03:46.996697        1.2012972e-013        4.2609688e+004        1.5704516e+004
2021-12-24/12:03:47.096697        0.0000000e+000        4.2607574e+004        1.5707215e+004
2021-12-24/12:03:47.196697        0.0000000e+000        4.2605431e+004        1.5709917e+004
2021-12-24/12:03:47.296698        3.5178578e-012        4.2603294e+004        1.5712622e+004
2021-12-24/12:03:47.396697        7.1558282e-012        4.2601161e+004        1.5715327e+004
2021-12-24/12:03:47.496697        2.4025943e-013        4.2599016e+004        1.5718028e+004
2021-12-24/12:03:47.596697        0.0000000e+000        4.2596878e+004        1.5720731e+004
2021-12-24/12:03:47.696697        3.5178494e-012        4.2594728e+004        1.5723429e+004
2021-12-24/12:03:47.796698        1.2012104e-013        4.2592591e+004        1.5726124e+004
2021-12-24/12:03:47.896697        0.0000000e+000        4.2590442e+004        1.5728821e+004
2021-12-24/12:03:47.996697        3.5178491e-012        4.2588800e+004        1.5731248e+004
2021-12-24/12:03:48.096697       -3.3977194e-012        4.2586684e+004        1.5733941e+004
2021-12-24/12:03:48.196697       -1.2012943e-013        4.2584545e+004        1.5736641e+004
2021-12-24/12:03:48.296698        0.0000000e+000        4.2582408e+004        1.5739341e+004
2021-12-24/12:03:48.396697        0.0000000e+000        4.2580263e+004        1.5742038e+004
2021-12-24/12:03:48.496697       -3.5178491e-012        4.2578106e+004        1.5744730e+004
2021-12-24/12:03:48.596697        3.3977194e-012        4.2575967e+004        1.5747428e+004
2021-12-24/12:03:48.696697        1.2012943e-013        4.2573816e+004        1.5750121e+004
2021-12-24/12:03:48.796698       -3.5178578e-012        4.2571652e+004        1.5752809e+004
2021-12-24/12:03:48.896697       -1.2012943e-013        4.2569501e+004        1.5755501e+004
2021-12-24/12:03:48.996697        3.5178491e-012        4.2567864e+004        1.5757925e+004
2021-12-24/12:03:49.096697        3.6379788e-012        4.2565732e+004        1.5760608e+004
2021-12-24/12:03:49.196697       -3.3977199e-012        4.2563585e+004        1.5763301e+004
2021-12-24/12:03:49.296698       -1.2012104e-013        4.2561431e+004        1.5765991e+004
2021-12-24/12:03:49.396682        3.5173029e-012        4.2559275e+004        1.5768679e+004
2021-12-24/12:03:49.496683        1.2066748e-013        4.2557127e+004        1.5771370e+004
2021-12-24/12:03:49.596683        7.0346227e-012        4.2554971e+004        1.5774058e+004
2021-12-24/12:03:49.696682        2.4135173e-013        4.2552813e+004        1.5776744e+004
2021-12-24/12:03:49.796682        3.5173027e-012        4.2550653e+004        1.5779429e+004
2021-12-24/12:03:49.896682        3.6379788e-012        4.2548490e+004        1.5782113e+004
2021-12-24/12:03:49.996683        1.2066748e-013        4.2546847e+004        1.5784531e+004
2021-12-24/12:03:50.096683        3.5173113e-012        4.2544714e+004        1.5787209e+004
2021-12-24/12:03:50.196682        3.6379788e-012        4.2542557e+004        1.5789894e+004
2021-12-24/12:03:50.296682        1.2067615e-013        4.2540406e+004        1.5792581e+004
2021-12-24/12:03:50.396682        0.0000000e+000        4.2538244e+004        1.5795263e+004
2021-12-24/12:03:50.496683        3.5173113e-012        4.2536084e+004        1.5797946e+004
2021-12-24/12:03:50.596683        3.6379788e-012        4.2533922e+004        1.5800627e+004
2021-12-24/12:03:50.696682        3.6379788e-012        4.2531763e+004        1.5803309e+004
2021-12-24/12:03:50.796682        3.6379788e-012        4.2529591e+004        1.5805986e+004
2021-12-24/12:03:50.896682        3.6379788e-012        4.2527412e+004        1.5808659e+004
2021-12-24/12:03:50.996683        1.2066748e-013        4.2525769e+004        1.5811072e+004
2021-12-24/12:03:51.096683        0.0000000e+000        4.2523629e+004        1.5813744e+004
2021-12-24/12:03:51.196682        0.0000000e+000        4.2521470e+004        1.5816424e+004
2021-12-24/12:03:51.296682       -3.5173027e-012        4.2519308e+004        1.5819102e+004
2021-12-24/12:03:51.396682       -1.2067587e-013        4.2517145e+004        1.5821780e+004
2021-12-24/12:03:51.496683        3.5173113e-012        4.2514978e+004        1.5824456e+004
2021-12-24/12:03:51.596683        3.6379788e-012        4.2512810e+004        1.5827130e+004
2021-12-24/12:03:51.696682        3.6379788e-012        4.2510634e+004        1.5829802e+004
2021-12-24/12:03:51.796682        1.2067615e-013        4.2508461e+004        1.5832474e+004
2021-12-24/12:03:51.896682       -3.5173029e-012        4.2506285e+004        1.5835145e+004
2021-12-24/12:03:51.996683       -1.2066748e-013        4.2504638e+004        1.5837551e+004
2021-12-24/12:03:52.096683       -3.5173113e-012        4.2502492e+004        1.5840216e+004
2021-12-24/12:03:52.196682       -1.2067587e-013        4.2500326e+004        1.5842889e+004
2021-12-24/12:03:52.296682        0.0000000e+000        4.2498158e+004        1.5845561e+004
2021-12-24/12:03:52.396682        3.5173029e-012        4.2495988e+004        1.5848232e+004
2021-12-24/12:03:52.496683        3.6379788e-012        4.2493810e+004        1.5850899e+004
2021-12-24/12:03:52.596683        1.2066748e-013        4.2491635e+004        1.5853567e+004
2021-12-24/12:03:52.696682       -3.5173029e-012        4.2489453e+004        1.5856232e+004
2021-12-24/12:03:52.796682       -1.2067615e-013        4.2487273e+004        1.5858897e+004
2021-12-24/12:03:52.896682       -3.5173029e-012        4.2485091e+004        1.5861561e+004
2021-12-24/12:03:52.996683       -7.1552901e-012        4.2483439e+004        1.5863961e+004
2021-12-24/12:03:53.096683       -3.7586463e-012        4.2481281e+004        1.5866617e+004
2021-12-24/12:03:53.196682       -3.6379788e-012        4.2479113e+004        1.5869280e+004
2021-12-24/12:03:53.296682       -1.2067615e-013        4.2476938e+004        1.5871945e+004
2021-12-24/12:03:53.396682       -7.0346059e-012        4.2474761e+004        1.5874609e+004
2021-12-24/12:03:53.496683       -3.7586463e-012        4.2472581e+004        1.5877271e+004
2021-12-24/12:03:53.596683       -1.2066748e-013        4.2470399e+004        1.5879932e+004
2021-12-24/12:03:53.696682        0.0000000e+000        4.2468214e+004        1.5882591e+004
2021-12-24/12:03:53.796682        3.5173027e-012        4.2466023e+004        1.5885248e+004
2021-12-24/12:03:53.896682       -3.3966271e-012        4.2463828e+004        1.5887903e+004
2021-12-24/12:03:53.996683       -1.2066748e-013        4.2462170e+004        1.5890296e+004
2021-12-24/12:03:54.096683        0.0000000e+000        4.2460011e+004        1.5892947e+004
2021-12-24/12:03:54.196682        3.5173029e-012        4.2457832e+004        1.5895607e+004
2021-12-24/12:03:54.296682        1.2067615e-013        4.2455651e+004        1.5898266e+004
2021-12-24/12:04:29.396697        3.5178494e-012        4.1668758e+004        1.6777354e+004
2021-12-24/12:04:29.496697        1.2012972e-013        4.1666349e+004        1.6779755e+004
2021-12-24/12:04:29.596697        0.0000000e+000        4.1663934e+004        1.6782153e+004
2021-12-24/12:04:29.696697       -7.0356988e-012        4.1661532e+004        1.6784556e+004
2021-12-24/12:04:29.796698        6.7954734e-012        4.1659112e+004        1.6786951e+004
2021-12-24/12:04:29.896697        3.7581082e-012        4.1656690e+004        1.6789344e+004
2021-12-24/12:04:29.996697       -3.3977194e-012        4.1654845e+004        1.6791480e+004
2021-12-24/12:04:30.096697       -1.2012972e-013        4.1652460e+004        1.6793871e+004
2021-12-24/12:04:30.196697       -7.0356988e-012        4.1650053e+004        1.6796269e+004
2021-12-24/12:04:30.296698       -3.7580998e-012        4.1647643e+004        1.6798666e+004
2021-12-24/12:04:30.396697       -1.2012943e-013        4.1645232e+004        1.6801061e+004
2021-12-24/12:04:30.496697        0.0000000e+000        4.1642823e+004        1.6803458e+004
2021-12-24/12:04:30.596697        3.5178491e-012        4.1640398e+004        1.6805841e+004
2021-12-24/12:04:30.696697        3.6379788e-012        4.1637980e+004        1.6808232e+004
2021-12-24/12:04:30.796698       -3.3977367e-012        4.1635564e+004        1.6810623e+004
2021-12-24/12:04:30.896697       -1.2012943e-013        4.1633137e+004        1.6813009e+004
2021-12-24/12:04:30.996697       -3.5178491e-012        4.1631289e+004        1.6815139e+004
2021-12-24/12:04:31.096697       -1.2012972e-013        4.1628901e+004        1.6817524e+004
2021-12-24/12:04:31.196697        0.0000000e+000        4.1626483e+004        1.6819912e+004
2021-12-24/12:04:31.296698        0.0000000e+000        4.1624073e+004        1.6822303e+004
2021-12-24/12:04:31.396697        3.5178494e-012        4.1621650e+004        1.6824688e+004
2021-12-24/12:04:31.496697       -3.3977194e-012        4.1619230e+004        1.6827074e+004
2021-12-24/12:04:31.596697       -1.2012972e-013        4.1616803e+004        1.6829457e+004
2021-12-24/12:04:31.696697        3.5178494e-012        4.1614383e+004        1.6831842e+004
2021-12-24/12:04:31.796698        7.1558366e-012        4.1611952e+004        1.6834221e+004
2021-12-24/12:04:31.896682        2.4135173e-013        4.1609523e+004        1.6836601e+004
2021-12-24/12:04:31.996683        0.0000000e+000        4.1607670e+004        1.6838723e+004
2021-12-24/12:04:32.096683        0.0000000e+000        4.1605267e+004        1.6841096e+004
2021-12-24/12:04:32.196682        3.5173029e-012        4.1602848e+004        1.6843479e+004
2021-12-24/12:04:32.296682        1.2067615e-013        4.1600426e+004        1.6845860e+004
2021-12-24/12:04:32.396682        0.0000000e+000        4.1598003e+004        1.6848240e+004
2021-12-24/12:04:32.496683        0.0000000e+000        4.1595577e+004        1.6850618e+004
2021-12-24/12:04:32.596683       -3.5173113e-012        4.1593154e+004        1.6852998e+004
2021-12-24/12:04:32.696682       -3.6379788e-012        4.1590719e+004        1.6855371e+004
2021-12-24/12:04:32.796682       -1.2067615e-013        4.1588287e+004        1.6857745e+004
2021-12-24/12:04:32.896682        0.0000000e+000        4.1585852e+004        1.6860118e+004
2021-12-24/12:04:32.996683        3.5173113e-012        4.1583994e+004        1.6862232e+004
2021-12-24/12:04:33.096683       -3.3966438e-012        4.1581590e+004        1.6864599e+004
2021-12-24/12:04:33.196682       -1.2067587e-013        4.1579165e+004        1.6866974e+004
2021-12-24/12:04:33.296682        0.0000000e+000        4.1576737e+004        1.6869346e+004
2021-12-24/12:04:33.396682        3.5173029e-012        4.1574312e+004        1.6871720e+004
2021-12-24/12:04:33.496683       -3.3966438e-012        4.1571881e+004        1.6874091e+004
2021-12-24/12:04:33.596683       -1.2066748e-013        4.1569431e+004        1.6876453e+004
2021-12-24/12:04:33.696682        0.0000000e+000        4.1566999e+004        1.6878822e+004
2021-12-24/12:04:33.796682        3.5173027e-012        4.1564561e+004        1.6881189e+004
2021-12-24/12:04:33.896682        1.2067587e-013        4.1562115e+004        1.6883551e+004
2021-12-24/12:04:33.996683       -7.0346227e-012        4.1560257e+004        1.6885660e+004
2021-12-24/12:04:34.096683       -7.2759576e-012        4.1557847e+004        1.6888019e+004
2021-12-24/12:04:34.196682       -2.4135173e-013        4.1555416e+004        1.6890386e+004
2021-12-24/12:04:34.296682       -7.0346053e-012        4.1552987e+004        1.6892754e+004
